     1   41.502   51.666  318.09     1.394     0.265 8171.0   2 9.856e-01      1.12 0.28 170.2   5      2     13     21      3     23 
     2   19.066  137.748  221.75     2.349     0.288 6399.4   2 1.600e-01      0.45 0.45 110.6   2      1      3 
     3  226.640  153.689  321.51     2.200     1.240 8302.3   2 1.581e+00      1.42 0.30 115.0   6      2      4      1     23     13     27 
     4  155.712  121.364  141.13     5.606     1.905 8180.6   2 2.363e+01      5.48 0.42 161.9  14      3      5     17     28     33     27     40     19     41     42     43     45     44     47 
     5  174.559   75.001  293.92     9.609     0.781 7121.1   2 2.042e+00      1.61 0.47 130.2   6      4      6     14     16     24     28 
     6  214.213  114.770  336.20    11.544     0.283 4339.0   2 8.064e-01      1.01 0.35  26.6   6      5      7      8     14     19     22 
     7  154.497  109.622  115.53    12.080     0.040 1902.5   2 3.840e-02      0.22 0.71  33.7   2      6      8 
     8  150.389  107.802  114.57    13.613     0.726 8786.5   2 3.475e+00      2.10 0.48  16.4  11      7      9     10      6     15     19     25     12     26     30     35 
     9   52.915   63.865   33.37    12.702     0.151 5330.8   2 1.152e-01      0.38 0.48  56.3   1      8 
    10  227.605   62.928   23.13    14.933     0.096 4817.1   2 9.600e-02      0.35 0.57 149.0   3      8     11     15 
    11  280.859   57.918  315.93    15.305     0.194 5856.8   2 2.688e-01      0.59 0.41 149.0   3     10     12     15 
    12  347.840  131.647  316.41    16.015     1.056 4644.0   2 5.286e+00      2.59 0.50   2.5   6     11     15      8     32     34     36 
    13  350.820   75.769   15.72     0.953     0.838 8973.2   2 1.472e+00      1.37 0.48  38.3   7      1     18     20     21     23      3     27 
    14  341.231   56.212   33.38    10.818     0.586 2296.8   2 3.136e-01      0.63 0.58 143.1   5      5      6     16     22     19 
    15  154.951  119.340  308.30    14.874     0.505 5237.8   2 8.320e-02      0.33 0.47  71.6   4      8     11     10     12 
    16  108.202  167.600  244.73    10.343     0.705 4837.4   2 1.984e-01      0.50 0.48 116.6   3      5     14     24 
    17  269.296   19.753   39.10     3.753     0.655 7226.7   2 7.040e-02      0.30 0.42 121.0   1      4 
    18  269.106   95.783   15.03     0.380     1.090 8474.8   2 6.016e-01      0.88 0.42 127.6   3     13     20     27 
    19   26.248  136.249  210.08     9.658     2.633 8250.0   2 7.226e+00      3.03 0.17 148.3  16      6     22      8     14     24     26     29     28     31     39      4     46     45     44     55     56 
    20  343.737  117.582   46.13     0.129     0.769 6088.2   2 8.320e-02      0.33 0.35 135.0   2     13     18 
    21   72.802   80.807  163.20     1.554     0.811 7675.8   2 4.480e-02      0.24 0.35  68.2   3     13      1     23 
    22  273.816  105.080  308.20    11.259     0.752 1786.5   2 9.600e-02      0.35 0.36 146.3   3     14      6     19 
    23   82.402   82.311   28.40     1.760     0.960 6530.1   1 6.400e-02      0.29 0.41 135.0   4     21      1      3     13 
    24   88.658   57.727  321.04    10.122     1.255 5220.9   2 4.544e-01      0.76 0.58 128.7   4      5     16     19     28 
    25  155.362   62.043  329.97    12.909     1.120 3399.9   2 8.960e-02      0.34 0.46  63.4   2      8     26 
    26   82.903   75.027  145.12    12.722     1.454 2529.4   2 2.944e-01      0.61 0.68 148.0   6     19      8     25     30     29     31 
    27  128.243   72.753  347.88     1.296     3.217 7361.4   2 7.059e+00      3.00 0.48  32.9  10     18     13      3      4     41     42     43     44     50     52 
    28  344.318   56.433   33.50     9.083     2.060 6089.1   2 6.208e-01      0.89 0.32 142.6   4      4      5     24     19 
    29   84.436  110.587  274.76    11.844     1.936 1569.0   2 2.880e-01      0.61 0.18 146.3   3     19     26     31 
    30  337.724   57.666   37.93    11.318     4.484 6851.4   2 1.049e+01      3.65 0.35 130.3  17     26      8     31     35     32     48     58     57     61     65     68     71     73     74     51     77     78 
    31  316.087  120.213   13.06     9.328     4.209 4018.4   2 6.253e+00      2.82 0.21 149.7  14     29     26     30     19     39     46     56     57     44     60     63     64     67     68 
    32  174.098   69.331  119.25    14.385     3.739 7174.8   2 1.112e+01      3.76 0.30 140.4  10     12     35     36     34     30     37     38     51     58     61 
    33   51.221   28.239   39.64     7.402     2.469 6860.7   2 6.080e-01      0.88 0.38 128.2   1      4 
    34   57.756   86.441  165.90    14.994     2.046 3403.5   2 1.216e-01      0.39 0.60  18.4   2     12     32 
    35  283.702  115.201  303.04    13.640     2.080 3186.5   2 5.120e-02      0.26 0.43 143.1   3     30      8     32 
    36  286.568  113.565  304.27    14.175     2.420 2794.9   2 3.840e-01      0.70 0.33 140.2   2     32     12 
    37   51.167   86.364   72.30    16.733     3.771 6732.2   2 3.347e+00      2.06 0.48 107.9   5     32     38     49     51     53 
    38  242.248  137.814   15.85    16.667     2.653 6070.7   1 1.536e-01      0.44 0.57  56.3   2     32     37 
    39   91.623   72.567   53.73    10.496     2.768 2026.1   2 3.200e-02      0.20 0.53 146.3   2     19     31 
    40   85.596   63.043  189.44     3.215     2.916 2288.5   1 7.040e-02      0.30 0.44 135.0   3      4     41     42 
    41  228.775  156.769  321.44     2.960     3.080 2439.5   2 7.680e-02      0.31 0.63  53.1   4      4     40     27     42 
    42  150.355  120.681  315.11     3.166     3.223 2902.9   2 4.480e-02      0.24 0.49  63.4   4     41     40      4     27 
    43  220.571  105.766  346.59     3.640     3.496 3781.9   2 6.400e-02      0.29 0.52  53.1   2      4     27 
    44   34.672   30.019   51.66     3.546     8.557 7017.1   2 4.472e+01      7.55 0.37  49.4  35     27      4     47     50     45     52     19     55     54     56     59     31     62     60     64     66     72     82     89     90     98     99    122    126    130    134    137    129    136    140    139    121    150    159    168 
    45   91.739  108.732  288.15     5.991     4.396 6155.4   2 3.968e-01      0.71 0.41 164.1   3      4     19     44 
    46   83.214   66.877  188.04     8.040     4.040 7035.2   1 7.680e-02      0.31 0.31 146.3   2     19     31 
    47  304.848  106.714   13.00     4.417     4.263 6530.6   2 8.960e-02      0.34 0.51  31.0   2     44      4 
    48  103.670  154.901   17.16    10.825     4.594 5208.2   1 1.216e-01      0.39 0.42 119.7   1     30 
    49   54.259  136.697   38.61    16.944     5.770 4802.4   2 2.010e+00      1.60 0.34  86.9   4     37     53     51     70 
    50   23.783   35.391   16.85     0.109     4.829 4302.7   1 7.040e-02      0.30 0.53  99.5   3     27     44     54 
    51  142.680   20.142  176.37    14.820     6.586 5977.9   2 1.130e+01      3.79 0.40   7.2  16     32     37     53     49     69     70     30     75     74     76     79     80     81     86     87     91 
    52  127.396   80.427   33.71     0.748     4.880 4589.4   1 1.088e-01      0.37 0.36 144.5   2     27     44 
    53  355.349  108.918  330.64    16.272     5.096 4308.7   2 2.560e-01      0.57 0.45 116.6   3     51     37     49 
    54  128.314   72.109  166.67     0.036     5.102 6728.5   2 5.760e-02      0.27 0.51 111.8   2     50     44 
    55   33.261  124.669   52.33     6.125     5.247 7444.9   2 2.176e-01      0.53 0.52 108.4   3     44     19     59 
    56  204.583  105.127  350.78     7.052     5.329 4710.9   2 8.320e-02      0.33 0.50  31.0   3     44     19     31 
    57   89.798   75.591   51.91     9.195     5.539 4207.6   2 1.088e-01      0.37 0.53 128.7   2     31     30 
    58  104.059  163.088  237.72    12.124     5.467 5859.2   2 5.760e-02      0.27 0.36 135.0   3     30     32     61 
    59   91.292  158.953  232.32     5.701     5.611 7705.6   2 9.600e-02      0.35 0.44 146.3   2     44     55 
    60   95.135   54.019   50.33     7.526     5.646 2036.7   2 8.960e-02      0.34 0.27  14.0   2     44     31 
    61  295.785   92.935   22.86    12.064     5.816 4821.5   2 6.400e-02      0.29 0.34 116.6   3     58     32     30 
    62  124.813   82.128  124.67     3.160     5.997 7233.3   1 1.792e-01      0.48 0.50  76.0   1     44 
    63  350.039   54.176   22.09     8.410     5.830 2095.4   2 5.120e-02      0.26 0.60  45.0   2     31     64 
    64  215.554  103.287  345.72     7.223     7.817 8514.5   2 7.258e+00      3.04 0.50 111.2   8     44     31     63     66     67     72     99     98 
    65  289.290   23.225   68.24    10.578     5.991 6557.8   1 5.760e-02      0.27 0.48 126.9   1     30 
    66   46.682  122.710   54.49     7.488     6.152 3621.6   2 6.400e-02      0.29 0.40 149.0   2     44     64 
    67  152.096  119.682  314.39     9.141     8.344 6777.1   2 4.653e+00      2.43 0.37 147.7  12     64     31     68     73     77     79     81     83     84     92    100     98 
    68  128.120   82.445  211.85     9.342     6.626 4326.1   1 5.376e-01      0.83 0.42  55.3   4     67     31     30     77 
    69  349.505  113.040  330.65    15.280     6.240 4719.5   2 5.760e-02      0.27 0.66  45.0   1     51 
    70  226.045   92.901  287.15    16.773     6.260 2659.3   2 7.680e-02      0.31 0.37  26.6   2     49     51 
    71  286.789   24.540   69.32    10.284     6.502 4944.8   1 7.040e-02      0.30 0.52 111.8   2     30     77 
    72   23.380   32.510   16.98     6.058     6.892 5130.9   1 5.888e-01      0.87 0.56  36.9   2     44     64 
    73  167.146  125.730  153.40    10.980     6.759 2753.2   2 3.840e-01      0.70 0.37 164.1   5     30     78     77     67     79 
    74  349.282   57.063   20.31    11.800     6.625 3032.1   2 1.024e-01      0.36 0.59 121.0   4     30     51     78     79 
    75    4.187   57.657   33.53    14.564     6.594 3651.3   2 1.344e-01      0.41 0.30 156.0   2     51     76 
    76  282.993  113.728  310.09    14.057     6.731 3998.4   2 8.960e-02      0.34 0.52 121.0   2     51     75 
    77  229.830   53.620   31.36     9.777     7.479 4788.5   2 1.850e+00      1.53 0.44 148.0   6     30     71     68     73     67     83 
    78  178.463   71.689  294.41    11.547     6.738 2147.9   2 5.760e-02      0.27 0.57  26.6   4     73     74     30     79 
    79  218.472  101.018  344.90    11.562     6.979 3094.7   2 1.088e-01      0.37 0.48 153.4   7     73     78     51     74     80     67     81 
    80  161.264   27.322  114.27    11.780     7.070 4237.4   2 5.120e-02      0.26 0.41 158.2   3     79     51     81 
    81  221.506   64.602   11.65    12.170     7.627 6829.4   2 1.190e+00      1.23 0.36   9.5  11     80     51     67     79     84     85     88     91     93     95     96 
    82   23.385   34.325   18.54     4.758     7.432 4840.7   1 1.344e-01      0.41 0.45 150.3   1     44 
    83  205.088  148.053  254.41     9.168     7.464 1817.0   1 6.400e-02      0.29 0.40 135.0   2     67     77 
    84   20.827   33.876   19.74    11.128     7.933 5222.4   1 2.688e-01      0.59 0.51 106.7   6     67     85     81     88     92     95 
    85  315.581   79.246  335.50    11.540     7.630 5968.5   1 5.120e-02      0.26 0.41  21.8   3     84     81     88 
    86  198.390  120.059  338.91    15.265     8.225 5770.2   2 2.573e+00      1.81 0.25   5.0   7     51     94     97     87     96    101    104 
    87  124.358   20.807  101.34    17.214     8.607   51.4   2 8.512e-01      1.04 0.31 102.3   4     51     86    104    110 
    88  338.316  108.992  297.83    11.384     7.864 5187.4   2 6.400e-02      0.29 0.50  68.2   4     84     85     81     95 
    89  309.373   91.222   14.53     2.983     7.874 2952.4   2 4.480e-02      0.24 0.49 153.4   2     44     90 
    90   24.186   31.418   15.73     3.240     7.920 4710.4   1 6.400e-02      0.29 0.54 143.1   2     89     44 
    91  160.812   25.693  114.14    13.065     7.960 2706.1   2 1.024e-01      0.36 0.47 153.4   4     81     51     94     96 
    92  307.317   91.725   14.28    10.036     9.205 6179.4   2 1.709e+00      1.48 0.25 129.6   8     67     84    100     95    105    106    115     98 
    93  315.682   80.737   64.02    11.787     8.027 6202.6   1 3.840e-02      0.22 0.45 135.0   3     81     95     96 
    94  137.199  102.722  118.42    13.208     8.144 1968.2   2 6.400e-02      0.29 0.51 126.9   4     91     86     97     96 
    95  231.189  109.233  198.89    11.303     8.447 5170.4   1 3.392e-01      0.66 0.37 138.0   7     84     88     81     93     96     92    105 
    96  159.401   32.867  114.66    12.288    10.092 6905.9   2 1.024e+01      3.61 0.32 130.8  23     93     81     91     95     94     97     86    101    102    105    103    106    108    112    114    109    117    121    124    127    128    132    148 
    97   13.069  153.894  187.29    13.586     8.276 2722.2   2 1.856e-01      0.49 0.43  32.0   3     94     86     96 
    98   27.531   80.007   10.52     5.654    10.316 6285.0   2 1.656e+01      4.59 0.22  16.7  18     44     99     64    111     67     92    119    120    115    122    123    125    129    131    137    136    121    139 
    99   21.682   32.379   16.57     5.916     8.632 4782.7   1 1.216e-01      0.39 0.54  74.1   3     64     44     98 
   100  216.966   66.859  305.12    10.097     8.810 5993.0   2 3.520e-01      0.67 0.44 112.6   2     67     92 
   101   55.107   83.552   66.73    14.722     8.643 4182.6   2 3.136e-01      0.63 0.47  18.4   5     96     86    102    103    104 
   102   38.507  115.726  345.91    14.168     8.760 3222.0   1 6.400e-02      0.29 0.35 108.4   3     96    101    103 
   103  313.138   78.521   62.39    14.501     9.038 3881.2   2 2.432e-01      0.56 0.53  36.9   6    102    101     96    104    107    108 
   104  230.628   93.675   21.67    15.959     9.266 3314.5   2 1.894e+00      1.55 0.41  17.2   8    101     86    103     87    107    109    110    113 
   105  341.391  111.811  292.91    11.029     8.966 5842.4   2 8.960e-02      0.34 0.58 135.0   4     92     95     96    106 
   106  268.889   70.680  321.43    10.541     9.480 4489.7   2 3.200e-01      0.64 0.31 123.7   5     92    105     96    112    115 
   107   13.057   64.284  240.12    14.813     9.443 4168.2   2 1.536e-01      0.44 0.61 146.3   4    103    104    108    109 
   108  229.095  158.810   55.78    14.400     9.643 3788.9   1 1.792e-01      0.48 0.52 104.0   4     96    103    107    109 
   109   23.353   19.168  283.83    13.798    12.037 6656.8   2 1.392e+01      4.21 0.32 144.0  21    107    104    108     96    113    118    128    133    132    141    144    145    146    147    149    148    151    154    161    160    165 
   110  302.069  113.203  296.42    17.204     9.948   89.0   2 5.760e-01      0.86 0.44  71.6   4    104     87    113    118 
   111    8.638   60.901  177.69     5.296     9.768 4257.2   2 6.400e-02      0.29 0.39  59.0   1     98 
   112   55.770   69.881   66.15    10.740     9.907 4252.7   1 7.680e-02      0.31 0.66  21.8   5    106     96    115    116    117 
   113  346.240  154.012  202.47    16.382     9.957  780.2   2 3.072e-01      0.63 0.50  15.3   4    104    110    109    118 
   114  228.083  159.982   56.05    11.184     9.928 2190.1   1 6.400e-02      0.29 0.51 143.1   2     96    117 
   115  172.288   62.980   98.75     9.990    10.302 4478.7   2 8.128e-01      1.02 0.63  17.4   7     92    106    112    116     98    117    125 
   116  171.939   78.046  107.68    10.653    10.120 4596.4   1 7.680e-02      0.31 0.67  36.9   3    115    112    117 
   117   86.411  151.483    9.67    10.795    10.481 4126.1   2 5.376e-01      0.83 0.33 139.4   7    112    114     96    116    115    121    125 
   118   48.831   89.279  164.42    16.974    10.979 1323.1   2 1.293e+00      1.28 0.45  74.7   6    113    110    109    133    135    138 
   119  172.204   58.943  114.83     5.131    10.280 4102.8   2 8.960e-02      0.34 0.61  21.8   2     98    120 
   120  352.777  149.405  196.72     5.307    10.453 4326.8   2 3.840e-02      0.22 0.43 153.4   3    119     98    123 
   121   19.830   19.668   17.93    10.552    11.535 6387.5   2 1.158e+00      1.21 0.17 118.5   9    117     96    124    125     98    139     44    148    150 
   122  155.819   41.458   99.46     2.983    10.514 4997.6   2 4.480e-02      0.24 0.49 153.4   2     98     44 
   123   25.904   32.368   17.00     5.587    10.649 3688.8   1 1.152e-01      0.38 0.37  32.0   2    120     98 
   124  263.832   72.292  168.34    11.610    10.882 5709.8   1 2.688e-01      0.59 0.53  66.0   2    121     96 
   125  328.036   57.824   48.70     9.768    11.147 6658.5   2 8.512e-01      1.04 0.52  38.2   5     98    115    117    121    131 
   126  272.573   64.536  331.74     0.105    11.115 1819.3   2 1.024e-01      0.36 0.60  59.0   2     44    130 
   127   43.334   20.455   40.04    13.047    11.091 4737.3   1 7.040e-02      0.30 0.56 126.9   3     96    128    132 
   128   12.386   59.068  339.86    13.264    11.148 5445.4   2 1.280e-01      0.40 0.37 125.5   4    127     96    109    132 
   129   90.290  106.202   20.59     8.243    11.874 3818.0   2 1.920e+00      1.56 0.37  33.7   5     98    136     44    140    139 
   130  101.710  121.139  350.71     0.211    11.554 4313.5   1 2.688e-01      0.59 0.54  58.0   3    126     44    134 
   131   25.849   30.151   12.92     9.380    11.433 5207.9   1 7.680e-02      0.31 0.49  45.0   2     98    125 
   132  348.730   94.369  298.29    12.482    11.543 3704.9   2 5.568e-01      0.84 0.37 146.3   4     96    127    128    109 
   133  316.663  141.950  230.75    16.595    11.976 1685.7   2 5.632e-01      0.85 0.44  50.2   5    109    118    138    141    143 
   134   82.257  166.587  237.03     3.449    15.004 6428.8   2 3.206e+01      6.39 0.41  18.6  17    130     44    142    153    156    158    164    168    167    170    171    173    176    179    185    188    191 
   135  231.917   95.308   16.16    17.340    11.760 1518.8   2 1.024e-01      0.36 0.68 135.0   2    118    138 
   136  335.797   63.013   41.17     7.400    11.945 1204.1   2 1.024e-01      0.36 0.47  63.4   4     98    129    137     44 
   137   35.982   26.855   52.59     6.933    12.066 2007.5   2 2.880e-01      0.61 0.43  20.0   3     98    136     44 
   138  297.178   32.512  322.84    17.198    12.166 2185.9   2 3.200e-01      0.64 0.55  48.8   4    133    118    135    143 
   139   25.738   32.310   14.71     9.670    12.480 3814.5   1 3.008e-01      0.62 0.50  41.2   4    129     98    121     44 
   140  117.780   80.395  346.82     8.272    12.384  995.1   2 3.200e-02      0.20 0.53 123.7   2     44    129 
   141  150.460   55.838  151.80    16.513    13.156 7172.2   2 7.232e-01      0.96 0.51 106.4   5    109    133    144    143    149 
   142   17.034   91.194   12.45     0.312    13.663 7229.5   2 1.357e+00      1.31 0.32  78.3   4    134    153    164    167 
   143  201.375    9.117  158.54    17.142    13.191 8812.5   2 8.768e-01      1.06 0.46 110.2   7    138    141    133    152    149    155    157 
   144   23.346  171.039  201.03    16.037    13.052 4686.1   2 4.416e-01      0.75 0.32 127.6   4    109    141    147    149 
   145  314.172   78.216   66.67    12.937    13.470 5269.9   2 1.709e+00      1.48 0.27 139.6   4    109    146    151    165 
   146  171.693   77.206  108.91    12.468    12.985 5484.5   1 1.664e-01      0.46 0.43  54.5   2    109    145 
   147  336.063  121.418  283.99    15.557    12.952 3302.4   2 1.920e-01      0.49 0.43   6.3   3    109    144    149 
   148  346.650   95.701  292.39    10.235    13.453 6214.5   2 4.736e-01      0.78 0.41 124.7   7    121     96    109    150    154    160    161 
   149  173.501   17.300   95.81    15.609    13.674 5459.1   2 1.299e+00      1.29 0.32  17.8   9    109    147    151    144    141    143    157    162    163 
   150  224.220   66.940  124.93     9.335    13.514 6292.7   2 1.088e+00      1.18 0.49  19.3   5     44    148    121    159    160 
   151   14.408  155.239  192.47    14.324    15.696 7899.1   2 1.523e+01      4.40 0.43  29.6  17    109    149    145    163    162    166    165    169    175    155    177    181    182    184    186    190    183 
   152  137.112   90.809  119.46    17.413    13.640 6896.5   2 3.840e-02      0.22 0.58 104.0   2    143    155 
   153  298.390  146.043  283.30     1.020    13.920 3138.6   1 5.120e-02      0.26 0.44 126.9   3    142    134    156 
   154   38.887  117.566  270.83    10.288    13.936 5476.7   2 3.200e-02      0.20 0.53 123.7   3    148    109    161 
   155  215.585  106.068  326.63    16.983    15.125 8185.8   2 2.086e+00      1.63 0.39 109.5   8    143    152    157    162    151    178    183    184 
   156  272.925   62.121  329.22     1.791    14.308 3954.7   2 6.272e-01      0.89 0.25  26.6   3    153    134    158 
   157    3.269  172.850  275.83    16.690    14.157 4786.7   2 1.728e-01      0.47 0.40 138.8   4    149    143    155    162 
   158  184.941   96.824  104.79     1.947    14.053 3393.7   1 3.840e-02      0.22 0.45  45.0   2    156    134 
   159  225.725  132.536   37.23     9.295    14.877 5448.9   2 7.552e-01      0.98 0.26 111.8   6     44    150    160    168    174    171 
   160  241.611   11.254   34.04    10.249    16.029 7196.3   2 5.613e+00      2.67 0.59 107.7  10    159    150    161    148    109    165    180    181    171    187 
   161   53.630   19.461  301.16    10.206    14.126 5316.1   1 4.480e-02      0.24 0.58  45.0   4    160    148    154    109 
   162  330.916  123.288  294.80    16.318    14.506 3501.2   2 3.136e-01      0.63 0.44  98.1   5    149    157    151    155    169 
   163  234.295   60.884   89.33    15.333    14.420 5265.2   2 2.880e-01      0.61 0.63  40.6   3    151    149    166 
   164   99.340  122.742   79.30     0.598    14.501 3991.6   1 2.176e-01      0.53 0.49 126.9   2    142    134 
   165  271.145   90.358   17.36    11.608    15.271 6560.1   2 9.536e-01      1.10 0.52 107.5   5    109    145    151    160    181 
   166  137.268   96.571  254.13    15.106    15.045 5620.6   1 3.264e-01      0.64 0.41  77.0   3    151    163    177 
   167  197.930   98.367  303.96     0.080    14.674 5264.3   1 4.480e-02      0.24 0.45  36.9   2    142    134 
   168   54.602  106.066   48.16     8.979    14.977 6174.0   2 3.520e-01      0.67 0.46 166.0   6    134     44    159    171    172    174 
   169  137.025    4.693  131.33    16.255    14.887 3056.6   2 7.040e-02      0.30 0.53  68.2   2    151    162 
   170  133.894  144.636  100.84     7.591    15.139 3097.5   1 1.088e-01      0.37 0.43  15.9   2    134    173 
   171   57.173   37.205   54.70     8.113    16.621 7045.3   2 3.930e+00      2.24 0.65 122.0  12    134    168    172    176    174    173    159    160    180    189    185    193 
   172   89.119   75.766  218.90     8.653    15.200 5556.6   1 3.840e-02      0.22 0.43  45.0   3    171    168    174 
   173  169.593   64.570  298.51     7.286    15.542 6935.2   2 7.872e-01      1.00 0.43   9.0   4    134    170    176    171 
   174    5.677   79.711   16.28     8.894    15.482 6883.4   2 2.560e-01      0.57 0.54 114.0   4    172    168    171    159 
   175  233.321   61.217  358.58    12.320    15.577 6502.6   2 8.960e-02      0.34 0.27  97.1   1    151 
   176   89.833   75.298  218.15     8.032    15.541 4344.6   1 9.600e-02      0.35 0.61 121.0   3    173    134    171 
   177  146.299   92.228  121.21    15.123    15.829 5932.4   2 1.920e-01      0.49 0.35  74.7   2    151    166 
   178  143.698   96.225  122.05    17.375    16.451 5477.1   2 2.432e-01      0.56 0.20  82.9   2    155    183 
   179  298.377  144.978  282.75     1.947    16.107 2203.7   1 5.760e-02      0.27 0.50  53.1   1    134 
   180  125.216   45.405  298.91     9.427    16.267 4770.9   2 2.816e-01      0.60 0.54 143.1   2    160    171 
   181   26.074  171.562  205.86    11.502    16.709 5996.7   2 9.792e-01      1.12 0.33 125.0   5    160    165    151    186    192 
   182  123.350   81.614  133.83    14.364    16.333 8109.4   2 3.136e-01      0.63 0.58  36.9   1    151 
   183  316.084  131.560   10.43    17.241    16.933 3931.3   2 3.392e-01      0.66 0.31  93.2   4    155    178    184    151 
   184  322.945   90.578   54.49    17.007    16.612 3439.1   2 1.088e-01      0.37 0.28  66.0   3    151    155    183 
   185  221.634  140.247  133.58     6.212    16.735 3749.0   2 4.800e-01      0.78 0.28   9.0   5    134    188    191    171    193 
   186  147.809   54.146  153.64    12.196    17.168 6178.2   2 5.952e-01      0.87 0.55  60.3   4    181    151    192    190 
   187  221.277   60.491   20.42    10.824    16.776 4680.5   2 6.400e-02      0.29 0.66  63.4   1    160 
   188  197.635  101.300  305.35     5.224    16.998 4076.8   1 3.200e-01      0.64 0.55 158.2   3    134    185    191 
   189   11.215  128.274  285.90     7.456    16.848 4605.1   1 3.200e-02      0.20 0.49 104.0   1    171 
   190   23.810  161.578  336.62    12.830    17.177 5369.2   1 2.944e-01      0.61 0.44  74.7   2    151    186 
   191   48.372  111.825   53.12     5.987    17.190 7176.4   2 6.464e-01      0.91 0.55  12.1   4    185    188    193    134 
   192  143.755  103.903  118.64    11.690    17.253 5454.8   2 2.048e-01      0.51 0.37 119.1   2    181    186 
   193    5.717   81.450   15.98     6.643    17.380 3263.8   2 1.792e-01      0.48 0.69 129.8   3    191    185    171 
