     1  351.940  128.455   47.16     0.160     0.055 8097.7   2 8.320e-02      0.33 0.51 153.4   2      2     19 
     2  338.038   31.587   16.65     0.440     0.301 8609.9   1 1.920e-01      0.49 0.48 116.6   5      1      3     19     22     27 
     3  169.588   64.745  129.16     0.667     0.458 8362.0   2 3.072e-01      0.63 0.31 120.3   4      2      4     28     27 
     4   91.264   83.220   74.44     1.178     0.350 11647.5   2 4.736e-01      0.78 0.50 132.0   3      3      5     28 
     5  353.206   75.357   15.40     1.886     0.411 11807.3   2 7.296e-01      0.96 0.54 140.2   4      4      6      8     28 
     6   73.503   81.338  163.63     2.360     0.160 9218.8   2 3.840e-02      0.22 0.31  68.2   3      5      7      8 
     7  339.116   30.091  285.67     2.480     0.080 8329.6   1 5.120e-02      0.26 0.63  63.4   2      6      8 
     8  228.556  154.613  320.56     2.884     0.504 11630.0   2 1.178e+00      1.22 0.48 136.7   7      7      9      6      5     28     36     37 
     9  214.028   48.392  314.77     6.059     1.487 11947.3   2 1.622e+01      4.54 0.38 164.0  19      8     10     11     23     29     33     37     38     40     43     28     44     13     46     48     49     51     52     54 
    10  109.404  154.288   21.36     5.694     0.108 11138.6   1 1.088e-01      0.37 0.73 121.0   1      9 
    11  231.256  154.639  324.27     9.688     0.436 10413.9   2 7.424e-01      0.97 0.58 123.7   4      9     12     21     23 
    12  155.819  121.718  320.18    10.441     0.314 11023.8   2 4.288e-01      0.74 0.58 125.0   4     11     13     21     23 
    13  275.229  110.040  309.56     9.967     1.779 11635.7   2 6.586e+00      2.90 0.18 147.2  15     12     14     15     20     24     23     30     40      9     50     49     52     48     65     51 
    14    1.131   97.751   26.30    11.156     0.053 9866.2   1 5.760e-02      0.27 0.66  26.6   1     13 
    15  153.391  108.467  113.95    12.811     0.080 9209.3   2 4.480e-02      0.24 0.60  63.4   3     13     16     20 
    16  229.874  116.948  324.60    13.009     0.213 9961.9   2 1.152e-01      0.38 0.53  63.4   3     15     17     20 
    17  234.909   67.906  110.10    13.799     0.300 12662.7   2 9.408e-01      1.09 0.44 160.7   5     16     18     20     25     34 
    18  291.935   59.131  308.56    15.760     0.419 11024.5   2 2.726e+00      1.86 0.27 174.9   5     17     26     31     32     34 
    19  348.980  117.845   50.01     0.148     0.324 9356.8   2 1.280e-01      0.40 0.49 135.0   3      1      2     22 
    20  265.771  104.759   35.77    12.870     0.558 8966.1   2 2.048e-01      0.51 0.60 159.4   7     13     16     15     17     25     24     30 
    21  289.280   25.308  339.18    10.046     0.537 8655.4   1 4.480e-02      0.24 0.49 116.6   3     11     12     23 
    22  109.060   46.692  141.17     0.080     0.720 7140.1   2 8.960e-02      0.34 0.65  68.2   3     19      2     27 
    23  165.319  123.526  325.90     9.469     1.112 11267.2   2 6.016e-01      0.88 0.38 141.3   6      9     11     21     12     13     40 
    24  174.649   87.636  111.82    12.223     0.914 7663.7   2 1.792e-01      0.48 0.23 141.3   3     13     20     30 
    25  159.713  122.414  322.69    11.633     3.506 11364.0   2 1.000e+01      3.57 0.31 127.6  16     20     17     30     34     26     55     56     68     70     69     78     81     79     85     90     91 
    26  175.581   70.325  298.65    14.594     2.712 10183.6   2 9.824e+00      3.54 0.25 136.4  18     18     32     31     35     39     42     25     34     41     45     47     57     58     67     68     70     79     84 
    27   49.129  113.405   52.94     0.217     0.926 8580.3   2 8.960e-02      0.34 0.40 153.4   4     22      3      2     28 
    28   35.178   76.916   17.86     1.530     2.653 12003.7   2 1.047e+01      3.65 0.66 150.0  19      3      4      5      8     27     36     37      9     44     43     46     51     60     62     63     64     71     75     89 
    29   85.850   67.267    8.36     8.370     1.070 8589.4   1 1.024e-01      0.36 0.37  76.0   2      9     33 
    30  221.480  100.944  328.90     9.772     3.253 11595.8   2 5.677e+00      2.69 0.19 146.9  14     24     20     25     13     50     66     51     69     72     73     74     82     83     85 
    31  185.341  124.442  153.98    14.477     1.123 7002.4   2 1.728e-01      0.47 0.43 130.6   4     18     34     26     42 
    32   57.074   84.801  161.49    15.051     0.992 8129.6   2 9.600e-02      0.35 0.56 149.0   2     18     26 
    33  178.231   72.604  112.84     7.836     1.489 10526.1   2 6.464e-01      0.91 0.42 125.5   2      9     29 
    34  179.924   73.121  117.56    13.915     1.307 7623.3   2 4.416e-01      0.75 0.38 137.7   6     25     17     18     31     41     26 
    35   51.943   85.865  159.98    16.765     2.634 9329.6   2 3.181e+00      2.01 0.50 119.4   6     26     39     53     57     59     61 
    36  127.799   82.694  121.00     2.422     1.444 8521.1   1 1.152e-01      0.38 0.39  66.8   3     28      8     37 
    37  180.864   79.381  335.79     2.702     1.431 8660.3   1 1.152e-01      0.38 0.46  56.3   4     36      8      9     28 
    38  288.627   25.510   70.09     4.931     1.440 10304.3   1 7.040e-02      0.30 0.53  68.2   1      9 
    39  141.868  100.706  130.72    16.668     1.523 8312.1   1 1.664e-01      0.46 0.55  50.2   2     26     35 
    40  107.124  154.299   18.84     8.883     1.666 9598.4   1 1.472e-01      0.43 0.53 113.2   3      9     23     13 
    41    3.030   55.646   27.14    14.060     1.640 8367.0   2 1.024e-01      0.36 0.48 141.3   3     34     42     26 
    42  245.908  139.445  109.02    14.286     1.657 8352.8   1 4.480e-02      0.24 0.49 116.6   3     41     26     31 
    43   86.629   66.172  189.49     4.020     1.950 8567.6   1 1.536e-01      0.44 0.28 123.7   3      9     44     28 
    44  231.004  153.519  322.58     3.680     2.160 9947.5   2 5.760e-02      0.27 0.66  45.0   3      9     43     28 
    45   63.878   39.632  343.73    14.528     2.256 8434.9   1 3.200e-02      0.20 0.53 123.7   1     26 
    46  314.125  105.182   14.21     4.331     2.617 10532.9   2 4.480e-02      0.24 0.52  45.0   2     28      9 
    47  244.202  138.498   14.54    13.949     2.836 7070.6   1 7.040e-02      0.30 0.69  63.4   1     26 
    48  231.435  153.491  320.92     6.530     3.528 10298.5   2 3.776e-01      0.69 0.53  94.8   5      9     52     13     51     65 
    49   39.061   79.052   15.84     7.856     3.088 7621.5   2 3.200e-02      0.20 0.53 146.3   2      9     13 
    50   86.198   67.864  188.88     8.440     3.215 10059.3   1 1.024e-01      0.36 0.34 140.2   2     13     30 
    51   91.191  108.811  293.00     4.009     7.741 12078.6   2 4.341e+01      7.43 0.37  49.9  39     28      9     54     48     60     62     65     64     13     30     72     76     77     75     87     82     89     97     99    103    105    115    114    123    127    131    136    142    144    152    145    159    160    138    170    180    176    184    187 
    52  313.508  134.485  351.19     7.147     3.369 5925.8   1 5.760e-02      0.27 0.64 153.4   3      9     13     48 
    53  294.430  113.689  307.51    16.941     4.466 11296.9   2 1.555e+00      1.41 0.46 127.7   5     35     61     59     57     80 
    54  305.465  106.717   14.39     5.128     3.424 8984.9   2 6.400e-02      0.29 0.45  21.8   2     51      9 
    55  105.557  154.551   17.86    11.200     3.611 10105.5   1 1.408e-01      0.42 0.38 125.5   1     25 
    56  265.712  113.770  351.17    10.810     3.660 8714.8   1 5.120e-02      0.26 0.43 126.9   1     25 
    57  320.921  156.122  181.56    15.274     5.705 8924.1   2 1.170e+01      3.86 0.47  29.7  19     26     35     58     59     67     53     80     86     84     88     79     90     93     95     98    102    106    113    122 
    58  142.166   98.578  131.14    15.499     3.744 8024.0   1 9.600e-02      0.35 0.37 164.1   2     26     57 
    59  236.339  144.611  145.50    16.355     3.948 7122.9   2 2.176e-01      0.53 0.59  68.2   4     57     35     53     61 
    60   42.913  122.571  278.50     1.748     3.968 6742.1   1 1.280e-01      0.40 0.33 139.4   2     28     51 
    61  244.762  138.070  107.09    16.914     3.817 6709.4   1 4.480e-02      0.24 0.47 158.2   3     35     59     53 
    62  127.745   82.399  123.33     1.088     3.936 6416.9   1 3.200e-02      0.20 0.53 123.7   3     28     51     64 
    63  127.284   83.299  122.35     0.090     4.216 7227.4   1 1.472e-01      0.43 0.35  77.5   2     28     71 
    64  350.060  149.405  193.84     0.996     4.089 8341.9   2 5.760e-02      0.27 0.48  36.9   3     28     62     51 
    65  149.532  121.551  312.33     6.687     4.331 8368.6   2 2.304e-01      0.54 0.48 114.0   3     51     48     13 
    66  171.591  147.352   98.58     8.520     4.112 14034.5   1 6.400e-02      0.29 0.51 143.1   1     30 
    67  244.538  141.375  107.04    14.034     4.309 7528.7   1 4.480e-02      0.24 0.35 111.8   2     26     57 
    68  242.598  138.965   14.19    12.702     4.329 7182.6   1 5.760e-02      0.27 0.48 126.9   3     25     26     70 
    69  265.925  112.996  351.02     9.776     4.648 8546.2   1 6.400e-02      0.29 0.20  97.1   3     30     25     74 
    70  115.123   87.638  246.58    12.467     4.658 9777.3   2 1.152e-01      0.38 0.39 119.7   4     25     68     26     79 
    71   34.102  125.228   50.05     0.046     4.606 6264.1   2 4.480e-02      0.24 0.65  45.0   2     63     28 
    72   30.137   30.429   12.27     8.265     4.921 7616.4   1 7.040e-01      0.95 0.38  25.3   4     51     30     73     82 
    73  108.890  155.274  289.85     8.440     4.560 8520.4   1 6.400e-02      0.29 0.54 143.1   2     30     72 
    74   91.793   74.609   51.58     9.600     4.640 8535.8   2 5.760e-02      0.27 0.66  45.0   2     30     69 
    75  206.472  148.527   74.45     0.537     4.834 6061.4   1 4.480e-02      0.24 0.49  26.6   2     28     51 
    76  350.516  149.314  193.94     6.089     4.907 7631.9   2 5.760e-02      0.27 0.64 116.6   1     51 
    77  124.956   82.649  123.98     3.934     5.166 8567.2   1 1.792e-01      0.48 0.52 110.6   1     51 
    78  107.805  156.296   19.69    10.864     5.381 10734.9   1 2.240e-01      0.53 0.32 114.4   2     25     91 
    79  136.819   74.616  351.08    12.317     5.338 9380.8   2 1.600e-01      0.45 0.37 101.3   6     25     70     26     81     57     90 
    80  227.918   93.561  291.37    16.873     5.062 9993.5   2 7.040e-02      0.30 0.35  18.4   2     53     57 
    81  111.329  153.070   23.47    12.077     5.366 9609.2   1 1.664e-01      0.46 0.31 111.8   3     25     79     90 
    82   37.617   76.932   16.75     7.816     7.027 11968.5   2 6.566e+00      2.89 0.51 117.1  10     72     83     30     51     87     96    105    114     94    115 
    83  156.995  120.158  316.96     9.242     5.835 9873.1   2 5.376e-01      0.83 0.49  68.2   5     82     30     85     92     96 
    84  242.904  137.528  194.89    12.747     5.333 7681.7   1 7.680e-02      0.31 0.50 149.0   2     26     57 
    85  128.706   82.211  120.98     9.800     5.771 8517.5   1 5.248e-01      0.82 0.38  52.4   5     83     25     30     91     92 
    86  243.341  140.012  104.50    14.327     5.652 8054.6   1 2.752e-01      0.59 0.45 100.3   2     57     88 
    87   26.835   32.676   15.08     6.765     6.018 9609.6   1 7.744e-01      0.99 0.64  34.7   2     51     82 
    88    8.184   55.888   31.19    14.880     5.520 8323.6   2 8.320e-02      0.33 0.52 149.0   2     57     86 
    89   17.117   65.516  187.83     0.192     5.552 9533.6   2 3.200e-02      0.20 0.36 153.4   2     28     51 
    90  348.469   54.681   26.50    11.603     5.896 7013.0   2 5.888e-01      0.87 0.40 166.8   8     25     81     79     57     91     93     94     95 
    91  160.200  115.100  310.60    10.332     6.669 8585.2   2 1.587e+00      1.42 0.42 142.3   6     25     78     85     90     94     96 
    92  233.985   56.304  122.76     9.852     6.180 8655.9   2 1.280e-01      0.40 0.50 135.0   3     85     83     96 
    93  274.830   80.579   24.87    12.176     6.155 8566.3   2 9.600e-02      0.35 0.56 149.0   3     90     57     95 
    94  332.819   59.791   43.90     9.807     7.785 11164.9   2 3.354e+00      2.07 0.23 145.2  10     91     90     95    100    101    107     96     82    116    115 
    95   42.268  114.947  347.80    12.603     6.783 10531.2   2 1.293e+00      1.28 0.36  29.5  12     94     93     90     57    100    104    102    108    110    111    106    109 
    96  127.515   83.826  121.64     9.417     6.757 8082.9   1 6.720e-01      0.92 0.40 132.9   5     82     83     92     91     94 
    97  129.126   81.541  122.49     5.497     6.600 8695.3   1 1.536e-01      0.44 0.45 144.5   2     51     99 
    98   18.373   58.760   21.93    15.433     7.194 10994.9   2 2.374e+00      1.74 0.32  21.5   6     57    106    109    110    112    113 
    99  189.430  149.832  107.44     4.106     7.471 11563.8   2 3.130e+00      2.00 0.29 159.6   6     51     97    103    115    118    121 
   100  309.678   90.865   15.59    11.600     6.760 6644.1   2 3.840e-02      0.22 0.66  33.7   3     94     95    101 
   101   22.860   33.519   18.91    11.486     7.066 6811.7   1 1.792e-01      0.48 0.45  96.3   5     94    100    104    107    108 
   102  273.234   80.490   27.21    13.397     6.942 9245.6   2 8.320e-02      0.33 0.42 141.3   3     95     57    106 
   103  126.698   82.803  121.51     3.982     6.985 8350.7   1 8.320e-02      0.33 0.59  21.8   2     51     99 
   104  159.725   72.292  334.04    11.824     6.968 7051.6   2 6.400e-02      0.29 0.51 143.1   3    101     95    108 
   105  357.342  138.268    1.15     6.192     7.024 9896.3   2 3.200e-02      0.20 0.53 123.7   2     51     82 
   106  186.296   28.065  135.76    13.680     7.010 7694.4   1 5.120e-02      0.26 0.48  11.3   5    102     57     98     95    109 
   107  308.551   90.174   13.80    10.541     8.352 10741.0   2 1.619e+00      1.44 0.25 128.2   7     94    101    108    116    120    132    115 
   108   52.940   70.976   70.76    11.756     7.517 8593.9   1 4.864e-01      0.79 0.46 135.0   7    101    104     95    110    107    119    120 
   109   98.495   84.245  152.70    13.938     7.319 8254.3   2 1.984e-01      0.50 0.55  14.0   5     95    106     98    111    110 
   110  164.328   31.947  108.99    13.147     8.609 10686.5   2 7.066e+00      3.00 0.47 174.4  20     95    108    111    109     98    112    113    117    119    120    124    126    128    129    125    133    137    139    143    148 
   111  137.013  101.037  115.79    13.352     7.312 8201.3   1 6.400e-02      0.29 0.28  15.9   3     95    110    109 
   112  292.714  113.537  305.06    14.520     7.440 7016.8   2 3.840e-02      0.22 0.66  56.3   3     98    110    113 
   113   50.782   85.427  158.74    15.925     8.192 7826.3   2 1.958e+00      1.58 0.33  20.6   9     98    112    110    117     57    124    125    122    130 
   114   25.966   32.813   14.41     6.597     7.785 6399.2   1 8.320e-02      0.33 0.31 104.0   3     82     51    115 
   115   27.365   78.381  190.57     6.455     9.485 11033.2   2 1.590e+01      4.50 0.25  17.6  19     99     51    118    114    121     82    123    127     94    107    135    132    140    145    147    151    138    154    158 
   116  217.141   66.280  306.44    10.596     7.983 9922.5   2 2.688e-01      0.59 0.39 114.4   2     94    107 
   117  218.176   63.702   11.59    14.774     7.979 8824.8   2 1.984e-01      0.50 0.33  45.0   2    110    113 
   118  185.677   39.885   15.50     4.360     7.800 8568.4   2 3.840e-02      0.22 0.43 153.4   2     99    115 
   119  243.365  111.426  335.64    11.547     8.107 9310.5   2 7.680e-02      0.31 0.49 135.0   3    108    110    120 
   120   21.830   42.256  330.14    11.066     8.568 8030.2   2 3.200e-01      0.64 0.30 126.9   6    107    119    108    110    128    132 
   121  135.236  157.293  356.97     4.102     8.255 7320.9   2 7.040e-02      0.30 0.52  21.8   2     99    115 
   122   19.164   62.171   23.95    17.181     8.958  447.7   2 6.720e-01      0.92 0.50  97.1   4     57    113    130    134 
   123  127.675   82.758  123.56     2.510     8.510 6383.1   1 5.120e-02      0.26 0.54  26.6   3     51    115    127 
   124  193.509  116.141  298.22    15.149     8.526 7125.5   2 8.960e-02      0.34 0.44 128.7   4    110    113    125    126 
   125   23.438   20.986   13.99    14.182    11.133 10632.2   2 1.297e+01      4.06 0.33 141.3  25    124    113    126    130    110    134    139    149    148    143    156    157    161    164    165    166    167    168    169    171    174    177    183    185    188 
   126  265.537   72.645  347.67    14.743     8.758 6137.6   1 2.048e-01      0.51 0.55 135.0   3    110    124    125 
   127  315.066  163.424  310.14     2.571     8.709 5968.4   1 9.600e-02      0.35 0.43 150.3   3     51    123    115 
   128  318.414   68.081   21.33    11.528     8.882 6969.7   1 2.624e-01      0.58 0.28 155.0   4    110    129    120    132 
   129  231.638  158.111  326.74    11.563     9.131 8179.1   1 3.712e-01      0.69 0.19 144.8   4    128    110    133    132 
   130  234.764   99.797  293.56    16.525     9.029 2599.3   2 1.920e-01      0.49 0.44  49.4   4    113    125    122    134 
   131   34.773   80.078   15.21     0.048     9.008 3682.3   2 6.400e-02      0.29 0.48 121.0   1     51 
   132   85.764   98.412   27.48    10.503     9.420 10346.5   2 7.168e-01      0.96 0.57  26.6   8    107    120    128    129    115    133    140    141 
   133  169.623   86.333  332.17    11.366     9.640 10450.7   2 4.608e-01      0.77 0.27 135.0   7    129    110    137    138    132    141    140 
   134   50.180   86.022  159.15    17.089    10.033 2138.8   2 9.280e-01      1.09 0.48  59.5   5    125    130    122    149    153 
   135   95.988  109.508  303.31     5.920     9.552 7455.6   2 9.600e-02      0.35 0.46  38.7   1    115 
   136  206.327  145.040   76.75     0.160     9.725 7286.8   1 1.472e-01      0.43 0.52  56.3   2     51    142 
   137  227.376  157.829   52.68    12.110     9.990 8715.7   1 4.160e-01      0.73 0.42  59.7   4    133    110    138    143 
   138  307.574   96.541  340.13    11.070    10.757 10403.5   2 1.011e+00      1.13 0.16 111.8  10    133    137    143    140    115    158    160     51    168    170 
   139  228.397  158.307  324.25    13.558    10.095 8810.4   1 3.520e-01      0.67 0.52 142.1   3    110    125    148 
   140  329.413   58.246   47.42    10.345    10.258 8967.0   2 7.488e-01      0.98 0.49  38.2   7    115    132    141    133    147    138    151 
   141  133.666   74.441  349.88    10.769     9.938 6866.3   2 8.320e-02      0.33 0.64  36.9   3    140    132    133 
   142  195.289  100.453  301.99     0.800    10.494 10630.9   1 1.197e+00      1.23 0.41  33.0   5    136     51    146    144    152 
   143   92.610  113.578   60.92    11.684    11.057 10627.5   2 2.086e+00      1.63 0.32 130.4   7    138    137    110    150    148    125    168 
   144   23.053   33.008   16.81     1.636    10.262 7249.6   1 7.040e-02      0.30 0.45 149.0   2     51    142 
   145   34.300   23.826  323.24     8.729    11.059 10888.0   2 2.234e+00      1.69 0.37  14.4   6    115    154     51    159    158    160 
   146   17.646   88.254   13.64     1.501    14.919 11977.7   2 1.697e+01      4.65 0.37  56.6   9    142    152    172    182    173    190    212    218    221 
   147   26.238   30.828   13.34     9.982    10.474 6592.8   1 8.320e-02      0.33 0.43  38.7   3    115    140    151 
   148  350.927   94.599  297.96    12.976    10.617 10913.6   2 4.416e-01      0.75 0.37 155.0   5    143    110    150    139    125 
   149  257.395   67.287   32.60    16.820    10.997 2983.0   2 4.288e-01      0.74 0.32  70.6   7    125    134    153    155    157    163    162 
   150  269.297   71.789  347.56    12.576    10.496 6989.4   1 3.200e-02      0.20 0.39 135.0   2    143    148 
   151  247.883   97.462  301.95    10.168    10.656 7943.1   2 6.400e-02      0.29 0.33  18.4   3    147    140    115 
   152   25.420   79.520   11.80     4.976    13.992 10798.0   2 2.605e+01      5.76 0.40  20.3  21    142     51    146    172    173    180    184    187    192    196    197    203    206    208    212    213    216    217    219    220    221 
   153  178.164   69.409  332.43    17.280    11.037 2974.4   2 3.072e-01      0.63 0.46  57.5   4    149    134    155    163 
   154  156.770  118.339  316.83     8.040    11.080 7261.2   2 7.680e-02      0.31 0.49  45.0   2    115    145 
   155   83.297   13.361  209.37    17.080    11.080 1371.5   1 5.120e-02      0.26 0.59  26.6   2    149    153 
   156  172.543   76.829  109.17    15.589    11.343 8876.7   1 1.792e-01      0.48 0.44 148.0   1    125 
   157  226.759  157.268  323.92    16.814    11.492 4413.1   1 1.088e-01      0.37 0.57 108.4   3    125    149    162 
   158  248.160   98.641   29.51    10.256    11.400 7647.5   2 6.400e-02      0.29 0.21  14.0   4    145    115    160    138 
   159   25.317   75.971    9.85     8.817    11.503 8492.6   2 1.536e-01      0.44 0.30  16.7   2    145     51 
   160   23.390   31.740   17.59    10.332    11.684 9828.8   1 2.560e-01      0.57 0.50  45.0   4    158    145    138     51 
   161   51.836   19.658   33.54    14.500    11.660 8696.1   1 7.680e-02      0.31 0.46 116.6   2    125    164 
   162  224.927  113.326  319.61    16.847    12.289 10648.6   2 6.848e-01      0.93 0.55 125.5   5    157    149    163    165    169 
   163  272.354   94.615    6.59    17.316    12.303 12108.4   2 4.800e-01      0.78 0.36  78.1   5    149    153    162    169    175 
   164  314.522   79.779   65.47    13.479    12.540 10087.8   2 1.728e+00      1.48 0.30 137.4   4    125    161    166    171 
   165   94.171   84.690  172.90    16.358    12.219 11975.0   2 4.224e-01      0.73 0.37 121.6   4    125    162    167    169 
   166  172.765   77.170  108.43    12.958    12.051 10377.3   1 2.432e-01      0.56 0.45  41.2   2    125    164 
   167   57.731   77.632   35.59    15.915    12.119 9851.5   2 2.112e-01      0.52 0.47  18.4   3    125    165    169 
   168   84.514  155.744    8.78    10.886    12.589 9152.5   2 4.992e-01      0.80 0.33 116.6   6    143    125    138    170    174    177 
   169  269.613   89.499   15.64    16.150    12.918 10889.8   2 1.466e+00      1.37 0.38  23.2  10    125    167    171    165    162    163    175    178    179    181 
   170   46.603  111.798   54.37    10.010    12.733 11429.5   2 1.120e+00      1.19 0.50  27.8   5     51    138    168    176    177 
   171   17.655  156.072  195.12    14.928    15.188 11657.4   2 1.696e+01      4.65 0.50  27.3  18    125    169    164    178    181    179    183    186    185    189    194    175    198    188    200    201    202    207 
   172  195.989   99.668  302.53     2.140    13.120 7982.2   1 5.120e-02      0.26 0.44 126.9   3    146    152    173 
   173  272.052   63.299  330.96     2.874    13.480 8699.4   2 6.336e-01      0.90 0.29  25.3   3    172    152    146 
   174   55.049   18.878   29.90    10.916    13.280 8897.7   1 5.760e-02      0.27 0.53 101.3   3    168    125    177 
   175  217.482  106.957  326.67    17.191    14.475 12337.7   2 1.363e+00      1.32 0.27  97.1   6    169    163    179    189    171    202 
   176  290.441   63.909  320.20    10.035    13.693 7272.7   2 3.968e-01      0.71 0.34 124.7   4    170    177     51    187 
   177   71.462  163.489  244.34    10.652    14.315 10012.7   2 1.651e+00      1.45 0.41 109.0  10    176    170    174    168    125    187    188    191    199    192 
   178  272.449   86.524   11.61    16.516    13.333 8766.1   2 5.760e-02      0.27 0.62  26.6   3    171    169    179 
   179  332.913  125.177  297.87    16.713    13.737 9825.0   2 2.944e-01      0.61 0.29  77.9   5    178    169    171    175    189 
   180  226.024   91.403  155.43     8.360    13.440 8121.2   2 5.120e-02      0.26 0.65  14.0   2     51    152 
   181  234.412   61.935  357.69    15.782    13.625 9658.8   2 2.816e-01      0.60 0.53  36.9   3    171    169    186 
   182  195.744  101.170  302.85     1.543    13.802 10167.0   1 3.520e-01      0.67 0.49  13.0   1    146 
   183  275.105   90.288    9.45    12.216    13.664 7802.4   2 6.400e-02      0.29 0.55  36.9   3    125    171    185 
   184  137.981   66.735  267.44     9.323    13.871 7955.5   2 8.320e-02      0.33 0.46  38.7   3    152     51    187 
   185  270.734   89.917   16.09    12.216    14.575 11406.4   2 9.856e-01      1.12 0.46  81.9   4    125    183    171    188 
   186  317.303   85.414   14.91    15.554    14.334 9812.3   1 4.864e-01      0.79 0.38  76.0   3    171    181    198 
   187   56.285  105.785   48.19     9.761    14.232 8559.2   2 3.712e-01      0.69 0.49 161.6   9    184     51    176    177    152    192    191    193    195 
   188  274.774   97.276    5.41    11.179    16.061 12060.9   2 5.862e+00      2.73 0.45 122.8  11    125    185    177    171    199    201    204    205    192    211    214 
   189  171.802    5.111   96.70    16.689    14.209 9901.8   2 8.320e-02      0.33 0.43  71.6   3    171    179    175 
   190  195.180  100.543  300.88     0.424    14.376 6464.6   1 1.088e-01      0.37 0.26  49.4   1    146 
   191  180.876   52.725  123.43    10.091    14.766 8623.7   2 3.200e-01      0.64 0.29 113.2   4    187    177    193    192 
   192  118.532  109.197  302.57     8.947    16.189 11291.5   2 4.838e+00      2.48 0.52 110.6  14    152    187    195    197    193    196    191    177    199    188    203    209    210    215 
   193    6.699   80.168   16.63     9.725    14.744 8639.5   2 2.368e-01      0.55 0.44 106.7   4    187    195    191    192 
   194   47.311   28.777  276.22    12.920    14.680 9034.7   2 8.960e-02      0.34 0.31  76.0   1    171 
   195   89.781   74.894  219.48     9.497    14.606 7078.0   1 4.480e-02      0.24 0.47  68.2   3    192    187    193 
   196  274.436   65.663  330.92     8.082    14.883 10481.0   2 7.872e-01      1.00 0.43  14.7   3    152    197    192 
   197   91.417   74.389   39.33     8.857    14.886 8013.8   1 8.960e-02      0.34 0.44 128.7   3    152    192    196 
   198  145.463   90.323  121.14    15.614    15.144 10451.7   2 1.472e-01      0.43 0.35  66.0   2    171    186 
   199   57.837  108.574   48.29    10.228    15.561 8802.9   2 2.112e-01      0.52 0.51 130.6   3    177    188    192 
   200   22.961   43.952   13.22    14.907    15.616 8114.9   2 2.880e-01      0.61 0.54  36.9   1    171 
   201  153.080   51.977  150.81    13.061    16.904 9526.7   2 1.920e+00      1.56 0.59  49.0   5    188    171    205    207    211 
   202  142.631   89.727  123.32    17.422    15.876 7197.9   2 5.760e-02      0.27 0.26  74.1   2    171    175 
   203  172.306   60.127  118.53     7.116    16.045 8910.2   2 4.672e-01      0.77 0.27  15.5   5    152    206    208    192    210 
   204  140.255  105.727  301.78    11.512    15.904 7910.8   2 6.400e-02      0.29 0.51  53.1   1    188 
   205   75.760   30.220  246.01    12.359    16.385 10200.6   2 2.752e-01      0.59 0.27 102.1   3    188    201    211 
   206  301.374  145.369  287.44     6.173    16.253 10529.8   1 4.288e-01      0.74 0.66  26.6   3    152    203    208 
   207  228.343  105.682    4.28    13.402    16.318 8666.1   1 2.560e-01      0.57 0.47  78.7   2    171    201 
   208   51.329  110.996   54.01     6.884    16.726 10299.6   2 9.152e-01      1.08 0.45 137.0   6    206    203    210    152    213    217 
   209  271.078  102.923  319.09     8.354    16.217 9126.0   1 4.480e-02      0.24 0.49  63.4   1    192 
   210   70.872  163.022  243.55     7.490    17.086 9152.9   2 6.720e-01      0.92 0.61 122.7   4    208    192    203    215 
   211  318.779   85.558   15.21    12.141    16.990 9962.3   1 1.344e-01      0.41 0.21 100.3   3    188    205    201 
   212  162.000  135.129  271.63     4.606    16.994 6727.8   2 4.480e-02      0.24 0.27  18.4   2    146    152 
   213   57.492  101.117   52.61     6.533    17.084 7689.0   2 5.760e-02      0.27 0.61 116.6   3    152    208    217 
   214  261.025  147.954  118.81    11.513    17.257 9411.1   2 1.536e-01      0.44 0.64 113.2   1    188 
   215  183.454   58.467  119.14     7.824    17.176 7493.5   2 6.400e-02      0.29 0.40 121.0   2    210    192 
   216  316.912  145.679   76.37     6.094    17.270 8069.3   2 1.472e-01      0.43 0.57  45.0   3    152    217    220 
   217   14.017   88.688   13.06     6.350    17.280 7638.2   2 5.120e-02      0.26 0.48 101.3   4    216    213    152    208 
   218  272.390   62.952  332.55     0.220    17.368 9068.2   2 1.280e-01      0.40 0.57  26.6   1    146 
   219  139.849   34.827   13.32     5.560    17.320 7394.2   2 5.120e-02      0.26 0.58  63.4   2    152    220 
   220  174.762   62.582  133.90     5.783    17.331 8624.5   2 8.960e-02      0.34 0.58  45.0   3    219    152    216 
   221  169.860   64.097  298.03     4.684    17.393 7760.7   2 1.408e-01      0.42 0.25  10.3   2    146    152 
