     1  236.215  157.502  132.39     0.359     1.097 9731.9   2 1.402e+00      1.34 0.44  81.3   5      2     27     44     54     49 
     2  346.485   56.933  228.88     0.955     0.714 7306.5   2 1.005e+00      1.13 0.48  76.6   6      1      3     27     21     42     44 
     3  236.959  156.816  131.68     1.336     0.128 4767.6   2 1.280e-01      0.40 0.55 135.0   4      2      4     21     19 
     4  243.222  108.962  354.67     2.917     0.869 7951.3   2 3.910e+00      2.23 0.58 141.6  10      3      5     19      6     28     47     52     53     51     57 
     5  343.419   92.072  207.04     4.051     0.137 4508.8   2 2.496e-01      0.56 0.54 150.9   2      4      6 
     6  300.421   86.623  355.14     6.614     2.046 9609.5   2 1.462e+01      4.32 0.42  10.2  21      5      7      8      9      4     29     28     47     43     24     12     48     60     66     67     76     98    105    108    112    115 
     7  246.801  126.027  341.44     5.895     0.055 5451.3   2 8.320e-02      0.33 0.50  18.4   2      6      8 
     8  208.768  167.727  135.85     6.373     0.280 6453.3   1 3.584e-01      0.68 0.55  59.0   3      7      6     29 
     9  347.547  106.416  306.49     8.072     0.830 6332.9   2 1.645e+00      1.45 0.38  50.7   5      6     10     24     43     48 
    10  167.803   85.778  145.11     8.462     0.153 4026.1   2 1.408e-01      0.42 0.41  45.0   3      9     11     24 
    11  246.932   87.490  303.72     8.775     0.400 4219.2   2 1.664e-01      0.46 0.27  70.0   3     10     12     24 
    12  169.598   86.498  143.64    11.301     1.632 7029.6   2 7.584e+00      3.11 0.20  36.0  14     11     13     24     32     36     35     41      6     63     67     68     77     90     99 
    13   32.004   89.668    3.39    11.620     0.383 4153.1   2 6.976e-01      0.94 0.08  10.8   5     12     14     33     31     35 
    14  165.886  119.438  311.99    12.149     0.152 5744.4   2 1.152e+00      1.21 0.13   2.7   4     13     15     20     31 
    15   78.966   93.431   30.61    14.159     0.193 8485.8   2 3.904e-01      0.71 0.59  38.7   4     14     16     20     25 
    16   57.405   82.707  193.45    14.656     0.104 8398.8   2 6.400e-02      0.29 0.56  53.1   2     15     17 
    17  173.604  150.776   94.86    14.780     0.471 6820.9   2 3.264e-01      0.64 0.32 126.0   7     16     18     26     25     20     38     39 
    18  170.864  100.222  323.96    15.900     0.294 8203.3   2 1.274e+00      1.27 0.27 163.8   7     17     22     23     26     34     39     40 
    19   46.849  111.626  226.47     1.821     0.891 5852.7   2 3.200e-01      0.64 0.20  73.3   5      3      4     21     46     51 
    20  280.678  165.822   59.18    13.865     0.727 5609.6   2 8.832e-01      1.06 0.49  38.7   7     14     15     31     17     37     38     40 
    21  325.169  106.366   19.21     1.533     0.905 6195.9   2 4.672e-01      0.77 0.42  80.0   5      3     19      2     42     46 
    22  290.763   94.035  351.00    16.421     0.740 7202.1   2 9.152e-01      1.08 0.57 124.5   5     18     23     30     34     45 
    23  309.691   59.833  304.17    17.244     0.364 3887.4   2 1.280e-01      0.40 0.40 140.2   3     22     18     30 
    24  211.191  157.765   93.89     8.961     1.008 6432.3   2 6.144e-01      0.88 0.24  50.5   6      9     10     11     12     43      6 
    25   55.834   82.404  193.20    14.528     0.448 9476.3   2 3.200e-02      0.20 0.36 116.6   2     15     17 
    26   57.804   81.203  192.00    14.933     0.413 9611.3   2 3.840e-02      0.22 0.43  26.6   2     17     18 
    27  221.299  152.994  166.15     0.513     0.573 6232.2   1 7.680e-02      0.31 0.38  51.3   2      1      2 
    28  345.492   92.850  297.26     4.101     0.645 3854.1   2 9.600e-02      0.35 0.55  59.0   2      4      6 
    29  169.258   75.577  144.76     6.336     0.544 6642.8   2 3.200e-02      0.20 0.39  45.0   2      6      8 
    30   59.339   62.597  144.76    16.830     1.981 7406.2   2 2.829e+00      1.90 0.38 117.2  11     23     22     45     50     55     62     70     73     72     75     84 
    31  180.150  109.391  325.68    13.210     0.660 6056.9   2 5.120e-02      0.26 0.43  53.1   4     13     14     20     33 
    32  214.907  168.559  321.92    10.493     0.720 4130.7   1 3.840e-02      0.22 0.43  45.0   2     12     36 
    33  166.850   88.458  322.90    13.039     1.063 5420.9   2 3.840e-01      0.70 0.31  49.8   4     13     31     35     37 
    34  312.854   59.730   30.21    15.538     1.541 10275.1   2 1.197e+00      1.23 0.45 110.0   8     18     22     40     45     50     55     62     37 
    35  298.447   90.585  339.31    13.558     2.430 5283.8   2 2.381e+00      1.74 0.21  56.9   8     12     13     33     37     64     65     99    102 
    36  341.144  144.996  267.55    11.300     2.994 7048.5   2 2.310e+00      1.72 0.35  61.8   7     12     32     63     67     68     78     77 
    37  305.413   83.846  178.09    14.068     1.707 7784.3   2 1.229e+00      1.25 0.24  38.7   7     33     20     40     35     34     65     62 
    38   92.823  108.050  302.54    14.499     1.002 2956.8   2 1.088e-01      0.37 0.42 146.3   4     20     17     39     40 
    39  172.335  170.814  335.31    14.773     1.029 3859.9   2 9.600e-02      0.35 0.39 135.0   4     38     17     18     40 
    40    7.219   54.253  182.74    14.826     1.488 6238.2   1 6.528e-01      0.91 0.56 104.9   6     39     18     34     38     20     37 
    41  144.617   43.343  102.59    10.307     1.360 3373.5   2 3.840e-02      0.22 0.43  45.0   1     12 
    42   57.845   22.167  316.01     1.326     1.497 6041.8   2 4.480e-02      0.24 0.49 116.6   5      2     21     44     49     46 
    43   82.754  142.268   95.07     9.096     1.586 4520.8   2 1.088e-01      0.37 0.42  50.2   4     24      9     48      6 
    44  100.825  157.626  224.28     1.080     1.620 5168.4   2 7.680e-02      0.31 0.37 128.7   4      2     42     49      1 
    45  297.846   95.868  180.48    16.160     1.584 6971.3   2 6.400e-02      0.29 0.69 116.6   4     34     22     30     50 
    46   63.542  110.358   54.95     1.660     1.656 5952.4   2 1.280e-01      0.40 0.58 153.4   5     21     19     42     49     51 
    47  196.906  112.802  322.84     3.848     2.407 6552.6   2 1.728e+00      1.48 0.50  78.7  10      4      6     53     58     60     59     57     66     82     89 
    48  334.663  144.316  357.23     8.896     1.608 3252.4   2 6.400e-02      0.29 0.51  36.9   3      9     43      6 
    49  187.305   69.344  293.94     1.303     1.975 5021.9   2 3.520e-01      0.67 0.62  10.3   7     44     42     46      1     51     54     61 
    50  165.797  104.729  306.36    16.053     1.871 6815.6   2 1.152e-01      0.38 0.45  56.3   4     34     45     30     55 
    51  229.080  109.160  343.28     1.851     1.975 4485.7   2 1.408e-01      0.42 0.60 116.6   6     46      4     19     49     57     61 
    52   16.771   67.670   38.06     3.050     1.907 5753.0   2 1.600e-01      0.45 0.49 150.3   5      4     53     57     58     59 
    53  346.797   25.200   13.45     3.400     1.840 3520.2   2 3.840e-02      0.22 0.66  56.3   4     52      4     47     58 
    54   63.371  108.844   54.87     0.612     2.496 5758.0   2 1.222e+00      1.25 0.55  33.7   6      1     56     49     61     69     74 
    55  300.449   98.140  181.29    15.889     2.094 6512.1   2 1.472e-01      0.43 0.44  60.3   4     34     50     62     30 
    56  315.637  103.294   13.98     0.087     2.065 5437.5   2 7.040e-02      0.30 0.64  36.9   1     54 
    57    7.400  100.778   15.63     2.651     2.817 6467.1   2 2.106e+00      1.64 0.52  39.3  13      4     52     51     59     61     47     69     82     85     86     88     89     96 
    58  138.104  101.893  110.87     3.350     2.070 6533.4   2 5.120e-02      0.26 0.60 135.0   4     52     53     47     59 
    59  321.487  126.376  304.20     3.110     2.150 4821.3   2 5.120e-02      0.26 0.60 135.0   4     52     58     57     47 
    60  350.452  109.095  311.77     4.674     2.257 6784.0   2 8.960e-02      0.34 0.43  51.3   3     47      6     66 
    61  141.944   43.352  292.96     1.573     2.404 4346.1   2 1.344e-01      0.41 0.42 119.7   5     49     51     57     54     69 
    62  247.749   55.808  106.16    15.682     2.509 8610.1   2 4.288e-01      0.74 0.63 169.7   7     34     55     30     37     65     72     75 
    63  254.344   81.886  170.18    11.760     2.455 5945.5   1 8.320e-02      0.33 0.38  63.4   2     36     12 
    64   76.314   55.070  272.95    14.074     2.554 4789.9   2 8.960e-02      0.34 0.30  50.2   2     35     65 
    65  349.865   93.590   36.72    14.962     3.258 7319.3   2 1.818e+00      1.52 0.50  49.9  13     37     35     62     64     75     87     91     92    100     95    102    103    104 
    66  132.306  104.455  100.20     4.654     3.375 8698.8   2 1.446e+00      1.36 0.47  73.1   5     47     60      6     89     98 
    67  337.046  106.488  304.69     9.856     4.336 6921.2   2 1.252e+01      3.99 0.36   7.0  22      6     12     71     36     76     83     77    106     99    109    114    115     95    118    119    121    125    122    124    128    126    133 
    68  266.891   40.439   79.50    12.293     2.920 4867.5   2 1.152e-01      0.38 0.36  76.0   3     12     36     77 
    69  338.044  141.661   53.75     1.409     3.224 5437.8   2 1.043e+00      1.15 0.48   8.5   8     54     61     57     74     81     85     80     97 
    70  275.799   53.393  318.88    17.373     2.951 5583.4   2 1.152e-01      0.38 0.54  74.1   2     30     73 
    71   74.448   11.413  314.07     9.942     2.836 7621.4   2 7.040e-02      0.30 0.42 161.6   1     67 
    72  289.207  141.106   76.56    15.888     2.904 5605.3   1 6.400e-02      0.29 0.54 143.1   3     62     30     75 
    73  293.629  159.669  235.51    17.008     3.819 6541.3   2 1.530e+00      1.40 0.30  82.6   8     30     70     79     84     75     95    101    116 
    74  142.938  114.412  118.97     0.348     3.109 6522.6   2 1.856e-01      0.49 0.37 163.3   4     54     69     80     81 
    75   74.597    3.475  317.41    15.933     3.325 4087.2   2 1.920e-01      0.49 0.31  52.1   8     65     72     62     30     84     92     95     73 
    76  206.020  169.070  310.08     8.072     3.112 4071.5   1 6.400e-02      0.29 0.39 149.0   2      6     67 
    77  239.784  165.064   30.41    12.622     3.861 7909.8   2 1.152e+00      1.21 0.67 101.9   7     68     12     36     90     99     67    106 
    78   28.580   13.653  226.19    11.904     3.152 7011.9   1 3.200e-02      0.20 0.53 146.3   1     36 
    79  280.910   51.298  317.84    17.072     3.248 7162.2   2 3.200e-02      0.20 0.36  63.4   1     73 
    80  162.584   25.420  126.79     0.547     4.246 7619.7   2 1.818e+00      1.52 0.55  80.9   9     74     81     69     97     85     89    110    120    123 
    81  352.658  146.997   18.41     0.699     3.523 4528.5   1 2.944e-01      0.61 0.32  36.0   3     74     69     80 
    82  332.716   31.350  253.98     3.742     3.333 3393.4   1 5.760e-02      0.27 0.30  38.7   4     57     47     86     89 
    83  299.997   84.025  173.08     9.436     3.276 5787.8   2 1.152e-01      0.38 0.49  15.9   1     67 
    84  172.580   52.067  137.96    16.265     3.323 5092.5   2 8.320e-02      0.33 0.56 121.0   3     30     75     73 
    85  144.928  109.580  305.67     1.936     3.889 6752.4   2 7.360e-01      0.97 0.39 139.4   7     69     57     89     93     94     97     80 
    86    4.303  109.199  189.51     3.669     3.543 3487.5   2 8.960e-02      0.34 0.54 149.0   3     57     82     89 
    87  300.338   92.875  339.67    15.049     3.484 4209.6   2 5.760e-02      0.27 0.45  53.1   2     65     91 
    88   69.787   34.018   21.50     2.677     3.742 4319.8   1 8.320e-02      0.33 0.40 105.9   2     57     89 
    89   22.743   62.165  316.41     2.836     6.348 8712.0   2 1.412e+01      4.24 0.45 105.5  31     86     82     47     66     85     88     57     94     96     98     80    110    113    117    127    130    131    132    123    139    141    140    137    150    157    159    169    168    174    178    183 
    90  246.144   89.587  303.26    13.200     3.696 7240.5   1 6.400e-02      0.29 0.39  59.0   3     77     12     99 
    91   67.035   94.682   51.77    15.311     3.705 6096.9   2 8.320e-02      0.33 0.41  51.3   4     87     65     95    100 
    92  207.454   79.647   10.60    15.880     3.690 3517.5   2 5.120e-02      0.26 0.51 153.4   4     65     75     95    100 
    93   19.082   59.791  334.48     1.840     3.760 6143.1   2 5.760e-02      0.27 0.51  11.3   2     85     97 
    94   95.257  111.803  327.90     2.296     3.800 6591.7   2 6.400e-02      0.29 0.54 143.1   2     85     89 
    95   19.727  140.134  202.94    14.965     5.169 7431.8   2 5.062e+00      2.54 0.48 156.5  20     92     75     73    100     65     91    101    104    107     99    102    109    111     67    114    122    128    129    134    138 
    96  136.900  103.754  110.15     3.160     3.840 3711.4   2 3.840e-02      0.22 0.66  56.3   2     89     57 
    97  257.085  140.080  344.06     1.623     3.886 5345.1   2 4.480e-02      0.24 0.49  26.6   4     69     85     93     80 
    98  202.876  117.522  153.35     4.790     4.463 6347.2   2 1.581e+00      1.42 0.40  31.0   8     66      6     89    105    113    112    117    118 
    99  159.469   35.800    1.63    13.567     4.163 7758.2   2 3.712e-01      0.69 0.63  33.7   8     12     35     77     90    102     67     95    109 
   100  146.382   68.630  338.05    15.622     3.905 4629.1   2 7.040e-02      0.30 0.52 158.2   4     91     65     95     92 
   101  146.074  162.207  309.26    16.709     4.375 3065.1   2 2.880e-01      0.61 0.28  56.3   4     95     73    107    116 
   102  330.632  106.078   24.80    14.423     4.345 8153.4   2 2.432e-01      0.56 0.33  18.4   6     35     65     99    103     95    111 
   103  203.860   39.061  153.11    14.820     4.290 6874.8   2 5.120e-02      0.26 0.55  63.4   3     65    102    104 
   104  231.484  112.448  341.61    15.142     4.378 6457.9   2 1.152e-01      0.38 0.33  45.0   3     65     95    103 
   105  347.331  107.503   39.20     5.698     4.436 5804.4   2 1.152e-01      0.38 0.59  51.3   3     98      6    112 
   106  258.142   90.364   37.26    12.900     4.350 5928.4   2 5.120e-02      0.26 0.54  26.6   2     77     67 
   107  294.961  158.151   54.71    16.624     5.428 3820.1   2 1.338e+00      1.31 0.31  76.4   5     95    101    116    129    134 
   108  174.630  128.494  116.01     6.166     4.503 5766.9   2 8.960e-02      0.34 0.65  21.8   2      6    112 
   109   77.220   21.225  305.21    13.622     4.664 7901.9   2 2.112e-01      0.52 0.35  26.6   4     67     99     95    114 
   110  358.093  108.889  195.32     1.061     5.293 9671.7   2 1.165e+00      1.22 0.58 101.9   6     80     89    120    123    130    132 
   111  114.588  107.170   11.71    14.680     4.560 6605.0   2 3.840e-02      0.22 0.32   9.5   2     95    102 
   112  175.494   62.356  132.50     6.136     4.797 6890.3   2 3.136e-01      0.63 0.35  21.0   6    105      6    108     98    118    115 
   113  311.054  120.105  348.33     4.302     4.806 4499.8   1 8.320e-02      0.33 0.59  21.8   3     89     98    117 
   114  231.718  113.310  341.29    13.636     5.014 7971.6   2 3.008e-01      0.62 0.34  32.5   3     67     95    109 
   115  168.466   71.917  138.75     6.784     4.880 6024.4   2 6.400e-02      0.29 0.69 153.4   4      6     67    112    118 
   116  336.251  125.294  316.08    17.207     5.441  272.9   2 5.312e-01      0.82 0.45  68.2   4    101     73    107    134 
   117   82.299   68.659   32.17     4.822     5.358 8367.2   2 1.011e+00      1.13 0.53  11.9   5    113     98     89    118    131 
   118  258.890  158.233  149.52     6.560     5.690 8648.8   2 3.379e+00      2.07 0.37 163.3  11     98    112    115     67    119    117    124    126    131    135    137 
   119  118.901   96.451    7.92     7.837     5.058 9318.8   2 1.984e-01      0.50 0.25  18.4   3     67    118    124 
   120  143.213   51.714  141.14     0.360     5.120 7927.5   2 3.840e-02      0.22 0.66  56.3   3     80    110    123 
   121  299.319   85.285  173.42     8.774     5.174 7161.8   2 1.792e-01      0.48 0.45 161.6   4     67    126    125    124 
   122  350.477  148.946  356.92    12.938     5.244 5140.9   2 7.040e-02      0.30 0.52  21.8   2     67     95 
   123  140.881  104.563  111.63     0.760     7.854 7865.9   2 4.442e+00      2.38 0.34  63.0  16     80    120    110    130     89    162    157    171    168    178    181    185    187    188    189    192 
   124  229.799  114.221  338.66     8.280     5.280 5870.7   2 3.840e-02      0.22 0.37  36.9   5    119    118     67    121    126 
   125  149.002   70.543  335.77     9.433     5.667 8105.9   2 6.208e-01      0.89 0.51 168.7   3    121     67    126 
   126  285.153  108.941  312.01     7.630     7.890 7345.1   2 1.992e+01      5.04 0.39 158.1  26    121    125    124    118     67    133    136    137    144    152    154    156    160    159    163    172    169    170    175    179    177    182    184    193    203    204 
   127  250.420  146.140  158.57     2.284     5.618 9318.7   1 5.760e-02      0.27 0.45 111.8   1     89 
   128  147.004   69.373  335.99    13.843     6.535 8058.3   2 6.138e+00      2.80 0.34   8.7  14     67     95    133    136    142    138    143    134    146    148    149    151    155    164 
   129    5.578  132.424  192.27    16.271     5.871 3982.8   2 1.152e-01      0.38 0.20  95.2   2     95    107 
   130  252.690  148.120  161.58     0.613     5.956 8671.5   1 2.688e-01      0.59 0.38  70.0   3    123    110     89 
   131  209.160  122.619  322.30     4.954     6.195 6056.1   2 1.600e-01      0.45 0.36 119.1   6     89    117    118    135    140    139 
   132   72.115   24.436  334.50     1.260     6.180 5979.3   2 5.120e-02      0.26 0.29  99.5   2    110     89 
   133  192.631   37.023  117.88    11.417     6.164 3391.9   1 1.344e-01      0.41 0.51 156.8   4     67    128    126    136 
   134  272.603   54.203  318.44    17.080     7.129 2050.0   2 1.786e+00      1.51 0.34  81.4   9    107    116     95    138    128    143    145    147    176 
   135  281.841  106.159  307.64     5.091     6.371 5606.2   2 7.040e-02      0.30 0.55 126.9   4    131    118    137    140 
   136  352.371   55.194  307.18    11.780     7.559 8176.6   2 4.186e+00      2.31 0.68  40.6  11    126    133    128    142    153    155    164    165    166    167    172 
   137   92.329  111.476    1.75     4.949     7.213 7499.5   2 9.920e-01      1.12 0.25 139.2   8    135    118    140    126    144     89    150    159 
   138  118.230   24.284   32.92    16.280     6.560 4483.0   2 3.840e-02      0.22 0.66  56.3   3     95    134    128 
   139  271.768   98.058  327.09     4.647     6.669 4630.3   2 7.040e-02      0.30 0.56  53.1   3     89    131    140 
   140  331.559  118.014   18.43     4.896     6.699 4465.1   2 9.600e-02      0.35 0.34 140.2   5    131    135    137    139     89 
   141  256.518  149.506  163.78     3.616     6.816 5553.9   1 9.600e-02      0.35 0.35 113.2   1     89 
   142  243.607  156.058  144.67    12.062     6.773 4527.4   2 5.760e-02      0.27 0.57  63.4   2    136    128 
   143  265.826   82.804   21.71    15.617     7.341 3651.1   2 6.208e-01      0.89 0.21 147.5   6    128    134    145    148    149    158 
   144  147.076   61.753  260.93     5.257     7.237 4570.4   2 2.624e-01      0.58 0.28 149.7   2    137    126 
   145  265.501   40.930  337.29    15.595     7.750 3275.5   2 6.720e-01      0.92 0.24 146.3   4    143    134    147    158 
   146    6.606  143.293  328.94    13.480     7.380 5162.1   1 5.120e-02      0.26 0.42  36.9   2    128    148 
   147  183.379  103.575  102.33    14.935    10.313 7275.4   2 1.297e+01      4.06 0.41 112.1  22    145    134    165    176    173    191    194    200    202    205    211    210    213    214    207    216    223    228    237    243    233    238 
   148  229.731  113.222  341.23    14.089     7.716 3449.0   2 3.584e-01      0.68 0.30  18.4   7    146    128    149    151    143    158    161 
   149  186.037   38.020  122.03    14.338     7.579 3474.3   1 2.240e-01      0.53 0.30  22.6   3    148    128    143 
   150    9.677   94.153   21.97     4.493     7.573 5331.9   1 3.840e-02      0.22 0.37 143.1   2     89    137 
   151   98.042   66.274  184.62    13.838     7.979 3014.1   1 2.880e-01      0.61 0.39  41.6   5    128    148    164    161    165 
   152  293.105   34.409  304.43     8.057     7.749 5855.3   2 4.480e-02      0.24 0.52 135.0   2    126    154 
   153  112.288  156.881   14.14    11.062     8.210 4726.1   1 2.752e-01      0.59 0.24 101.3   3    136    172    166 
   154   10.317   95.054   24.18     7.818     8.104 6977.1   1 3.200e-01      0.64 0.58 119.1   4    126    152    160    170 
   155   10.912   96.039  204.33    13.264     7.944 3127.9   1 6.400e-02      0.29 0.40  59.0   3    136    128    164 
   156   96.787   64.638  187.19     9.500     8.010 4384.0   1 5.120e-02      0.26 0.43 143.1   2    126    163 
   157  251.519  147.778  159.83     1.850     8.174 4226.9   1 1.472e-01      0.43 0.57 135.0   3     89    123    168 
   158  335.162  107.298  302.61    14.710     8.090 1448.3   2 5.120e-02      0.26 0.60  45.0   5    148    143    161    145    165 
   159  179.465   84.816  297.27     4.240     8.225 5051.1   2 1.024e-01      0.36 0.35 140.2   4    137    126     89    169 
   160  293.302   33.622  302.47     8.128     8.420 6852.6   2 1.280e-01      0.40 0.28 108.4   3    126    154    170 
   161    7.870   72.401   33.57    14.400     8.217 2104.8   1 1.344e-01      0.41 0.63  51.3   4    151    148    158    165 
   162  146.165  108.094  304.12     0.145     8.497 6940.9   2 2.752e-01      0.59 0.50 111.8   3    123    171    181 
   163  330.747   93.809   14.08     9.524     8.667 6018.3   2 4.288e-01      0.74 0.41  71.6   6    126    156    175    177    172    186 
   164  199.355   84.892  292.29    13.515     8.229 4774.6   2 9.600e-02      0.35 0.47  26.6   5    136    155    165    128    151 
   165   34.809  108.102   26.31    13.676     8.777 4871.5   2 1.504e+00      1.38 0.28 155.1   8    136    164    151    161    158    147    167    173 
   166  267.147   80.506   17.57    11.493     9.542 9018.5   2 2.835e+00      1.90 0.47 109.4   9    136    167    173    153    180    172    190    191    201 
   167  179.053  105.314  281.86    12.786     8.511 7620.0   2 2.176e-01      0.53 0.54 161.6   4    166    136    165    173 
   168  358.996  109.465  196.11     1.782     8.566 7317.7   2 1.600e-01      0.45 0.72 116.6   3    123    157     89 
   169  328.343   80.020   15.60     3.838     8.738 5312.2   2 3.072e-01      0.63 0.45 121.0   5     89    159    126    174    179 
   170  173.082  124.986  142.94     7.824     8.448 3566.4   2 3.200e-02      0.20 0.53  33.7   3    154    126    160 
   171  353.736  108.581  194.01     0.369     8.828 8687.2   2 1.664e-01      0.46 0.36 108.4   3    162    123    181 
   172  268.865   19.395   52.41    10.253     9.051 5785.6   2 8.640e-01      1.05 0.43 129.1   7    126    136    153    163    166    186    190 
   173  124.090   15.592  332.80    12.430     8.930 8125.3   2 3.392e-01      0.66 0.52  79.7   5    166    167    180    165    147 
   174   89.211  102.678  303.84     3.223     9.067 8030.0   2 5.120e-01      0.81 0.45 137.7   6     89    169    183    179    189    182 
   175  344.535   51.553  313.47     9.040     8.782 6818.1   2 5.760e-02      0.27 0.36 149.0   3    126    163    177 
   176   23.762  123.722   46.47    16.714    10.742 3670.1   2 3.245e+00      2.03 0.24 109.1   9    147    134    194    206    207    226    224    233    234 
   177  353.292   54.933  218.39     8.855     9.709 6659.6   2 1.792e+00      1.51 0.41 126.9   8    175    163    126    186    196    190    204    209 
   178  264.197  104.798  340.24     2.265     9.108 7445.2   2 2.624e-01      0.58 0.56  71.6   4    123     89    183    189 
   179   19.919   94.569   48.16     3.977     9.172 5596.5   2 2.880e-01      0.61 0.46 153.4   4    169    126    182    174 
   180   11.405   74.688   31.51    12.000     8.949 5657.0   1 4.480e-02      0.24 0.35 158.2   2    166    173 
   181  296.889   16.590  336.96     0.047     9.228 7896.6   2 1.088e-01      0.37 0.48  76.0   4    162    171    123    185 
   182  200.764   82.174  112.06     4.400    10.933 8841.9   2 1.116e+01      3.77 0.48   3.5  18    179    126    189    174    184    193    192    198    203    197    217    209    219    221    229    230    232    235 
   183  330.810   78.829   18.59     2.587     9.403 5629.4   2 9.600e-02      0.35 0.66 149.0   4    178     89    174    189 
   184  111.874  157.574  282.74     5.142     9.462 4871.1   1 7.040e-02      0.30 0.56 111.8   2    126    182 
   185  158.597   39.242  306.60     0.315     9.579 5240.8   2 1.984e-01      0.50 0.33 146.3   4    123    187    181    195 
   186  332.021   87.122   11.36     9.675     9.616 3697.9   2 9.600e-02      0.35 0.43  74.1   5    177    172    163    196    190 
   187  251.100  147.664  160.84     0.670     9.674 4836.4   1 1.728e-01      0.47 0.49 125.5   6    185    123    192    195    197    199 
   188  252.869  147.873  162.66     1.683     9.523 7165.7   1 1.536e-01      0.44 0.29 163.3   3    123    189    192 
   189   20.324   94.955   47.87     2.482     9.554 5175.6   2 2.112e-01      0.52 0.22 164.1   7    188    123    178    183    174    182    192 
   190  274.663   79.008   27.19    10.052    10.711 9391.0   2 3.219e+00      2.02 0.60 102.7  11    172    166    186    196    177    201    209    215    222    220    225 
   191   96.169  105.100   81.04    12.137    10.285 9050.6   2 5.632e-01      0.85 0.25 108.4   4    166    147    213    201 
   192  331.372   75.729   22.26     1.572     9.830 4862.5   2 4.608e-01      0.77 0.23 174.3   7    188    123    189    187    182    197    198 
   193  278.185  113.157  354.01     5.328     9.792 3625.1   1 3.200e-02      0.20 0.36  63.4   2    182    126 
   194  223.200  162.646  330.48    16.316    10.202 6422.7   2 5.248e-01      0.82 0.38 127.6   4    147    176    202    207 
   195   12.935   68.251    9.06     0.227    10.320 6638.9   2 5.440e-01      0.83 0.47 113.2   5    185    187    199    197    208 
   196  188.250   73.917  294.74     9.560     9.920 3928.4   2 6.400e-02      0.29 0.54 143.1   3    177    186    190 
   197  196.942   72.836  298.83     2.474    12.066 7474.5   2 5.498e+00      2.65 0.30  38.0  13    187    192    199    198    195    208    212    182    218    217    231    232    244 
   198   58.337  108.275   25.99     1.546    10.260 6530.7   2 4.160e-01      0.73 0.42  50.7   3    192    197    182 
   199   22.290   67.590   49.91     0.493    10.093 4627.4   1 3.840e-02      0.22 0.66  33.7   3    195    197    187 
   200  152.740   78.828  332.61    14.112    10.374 6931.1   2 4.608e-01      0.77 0.40 140.2   2    147    210 
   201  236.503  112.616  348.52    11.234    10.802 5491.9   2 5.440e-01      0.83 0.38  47.1   6    190    166    191    215    213    220 
   202  332.652   99.673   28.04    15.305    10.392 5067.9   2 4.544e-01      0.76 0.47 159.0   3    147    207    194 
   203   47.361   69.881   24.42     7.183    10.563 5666.7   2 6.144e-01      0.88 0.55  12.1   4    126    204    182    209 
   204   75.077   26.762   15.81     7.816    10.472 3125.6   2 6.400e-02      0.29 0.67 116.6   4    126    177    203    209 
   205  124.102   16.710  153.82    12.624    10.440 7361.9   2 6.400e-02      0.29 0.40 135.0   2    147    211 
   206   28.476   72.001   16.02    17.034    11.136 3391.1   2 1.018e+00      1.14 0.39 102.8   2    176    224 
   207  199.869   78.647  288.53    15.746    10.677 3649.6   2 1.792e-01      0.48 0.68  66.8   4    202    194    147    176 
   208  321.762  126.175   82.91     0.306    10.979 3997.2   2 3.776e-01      0.69 0.30 124.7   3    195    197    212 
   209  260.570   25.690   64.89     8.042    11.748 8104.1   2 4.877e+00      2.49 0.52 125.2   8    177    190    203    204    182    219    222    220 
   210  275.641   79.059   27.33    13.163    11.889 7252.0   2 2.554e+00      1.80 0.32 132.1  13    200    147    211    213    216    223    220    227    228    237    240    242    239 
   211   19.257  143.936  203.66    12.735    10.716 6890.9   2 1.344e-01      0.41 0.44  23.2   5    205    147    214    210    213 
   212   11.106   71.663    5.55     0.371    11.459 3268.8   2 4.992e-01      0.80 0.20 121.0   3    208    197    218 
   213   24.849  106.452   50.80    12.512    11.306 7451.1   2 8.448e-01      1.04 0.46  36.3   7    191    214    147    211    210    201    220 
   214  225.814  110.142  337.44    12.480    10.760 5229.7   2 3.840e-02      0.22 0.66  33.7   3    213    147    211 
   215   91.079  102.901  331.37    11.178    11.222 4510.5   2 1.152e-01      0.38 0.65 121.0   3    201    190    220 
   216  334.708  102.281  208.78    14.040    11.208 4120.8   2 6.400e-02      0.29 0.40 121.0   3    210    147    223 
   217  199.060   30.148  325.27     2.575    11.265 8486.3   2 1.408e-01      0.42 0.55  56.3   2    197    182 
   218  319.797  125.504   81.33     0.594    12.551 6755.1   2 2.611e+00      1.82 0.33 109.4   4    212    197    231    257 
   219   39.907  117.047  233.63     6.753    12.659 5975.6   2 1.190e+00      1.23 0.21  97.9   6    182    209    229    220    246    236 
   220  339.974   95.485   20.88     9.673    12.554 7324.2   2 4.083e+00      2.28 0.18 154.5  11    201    213    215    190    210    225    227    236    222    209    219 
   221  256.605  105.922   24.67     4.335    11.545 7412.0   2 2.816e-01      0.60 0.37 138.4   1    182 
   222  172.331   39.273  151.60     9.322    12.046 7367.4   1 5.312e-01      0.82 0.41 107.4   4    209    190    225    220 
   223  237.482  127.238  342.77    13.840    11.577 3354.1   2 4.480e-02      0.24 0.37 126.9   3    210    147    216 
   224  170.126   88.131  328.83    17.360    11.627 2949.0   1 9.600e-02      0.35 0.45 116.6   3    206    226    176 
   225   53.417   66.803   12.74     9.686    12.097 8952.1   2 1.856e-01      0.49 0.37 135.0   3    222    190    220 
   226   27.947   69.687   16.99    17.372    12.218 3922.4   2 1.664e-01      0.46 0.52  78.7   4    224    176    234    238 
   227   36.424  111.206   45.37    11.676    12.449 6593.7   2 7.232e-01      0.96 0.38  27.9   4    220    210    236    239 
   228  254.254   26.792   72.06    13.911    12.249 5404.0   2 5.760e-02      0.27 0.37  45.0   2    210    147 
   229   95.948   96.912   43.20     6.448    12.932 4199.5   2 4.416e-01      0.75 0.27  78.1   5    182    219    230    241    246 
   230  222.852   61.930  122.31     6.203    12.542 4608.3   2 8.320e-02      0.33 0.40  74.1   4    182    229    232    241 
   231  286.480   57.445   63.83     1.093    13.752 7431.9   2 2.899e+00      1.92 0.26 118.2   4    218    197    244    257 
   232   24.979   97.029  317.67     4.721    13.130 3335.4   2 8.448e-01      1.04 0.18 149.3   6    182    230    235    241    197    244 
   233  306.362  105.965   15.17    16.463    12.713 6868.9   2 3.584e-01      0.68 0.69 143.1   4    176    234    147    238 
   234  349.013   95.361  300.78    17.011    12.651 4925.6   1 2.304e-01      0.54 0.59 144.5   4    176    226    233    238 
   235   29.588  158.399   52.24     5.815    12.565 5429.2   2 1.024e-01      0.36 0.39 164.1   2    182    232 
   236   89.747  108.338  320.91     9.596    13.866 7549.3   2 6.330e+00      2.84 0.25 174.1  16    220    227    239    247    251    242    250    219    246    258    260    261    263    264    266    269 
   237  253.001   25.885   73.46    13.600    12.727 4765.5   2 7.040e-02      0.30 0.48 158.2   4    210    147    242    243 
   238   61.853   12.950   10.59    14.213    14.660 7942.5   2 1.060e+01      3.67 0.27 157.7  21    234    226    147    233    245    243    252    253    254    248    250    259    255    265    267    270    273    274    269    282    283 
   239  348.449  141.860   24.54    11.899    13.049 6025.9   1 4.608e-01      0.77 0.74  14.0   4    227    236    210    242 
   240   37.014  111.781   45.73    13.040    12.800 4132.4   2 1.088e-01      0.37 0.42 156.8   2    210    242 
   241  337.725  119.572  336.42     5.077    13.579 3516.7   2 1.875e+00      1.55 0.43 155.7   8    232    230    229    246    249    244    256    262 
   242   92.083   34.739  214.89    12.572    13.214 5669.5   2 5.120e-01      0.81 0.22 149.9   8    240    237    210    243    239    248    250    236 
   243  201.615   53.601  143.85    13.945    13.350 7549.7   2 1.338e+00      1.31 0.30   5.7   7    242    237    147    248    238    253    254 
   244   11.071   67.972   10.61     1.804    15.378 8338.3   2 9.792e+00      3.53 0.39 137.5  12    231    197    232    241    256    272    276    280    285    288    302    312 
   245  127.492   72.972  340.10    17.345    13.562 6146.6   2 1.344e-01      0.41 0.45 113.2   3    238    252    255 
   246  334.659   75.915   21.02     6.008    14.283 3479.9   2 1.408e+00      1.34 0.64 127.9   9    241    229    249    219    236    261    262    268    264 
   247  266.807  144.721  135.18     9.796    13.678 6857.0   2 2.816e-01      0.60 0.51 131.2   2    236    251 
   248  210.835  164.026  313.60    12.796    13.780 6680.5   2 3.904e-01      0.71 0.51 131.6   5    242    243    250    253    238 
   249   62.562   67.778  212.98     5.372    13.986 2690.8   1 5.696e-01      0.85 0.55 111.0   2    241    246 
   250  333.257   52.944   33.35    11.759    14.242 6380.1   2 7.488e-01      0.98 0.21 135.0   6    242    248    236    238    258    269 
   251  131.530  116.147  289.30     9.371    13.802 4219.2   2 1.344e-01      0.41 0.50 123.7   2    236    247 
   252   30.021   70.375   34.91    16.543    14.065 7509.1   2 9.600e-01      1.11 0.54 143.7   3    238    245    255 
   253  352.131   92.989   33.91    13.619    13.802 5317.7   1 2.688e-01      0.59 0.31 167.9   3    243    248    238 
   254  126.792   71.446  157.00    14.400    13.760 3601.9   2 4.480e-02      0.24 0.53 135.0   2    243    238 
   255  351.763   93.204   33.68    17.314    14.068 8080.6   1 1.664e-01      0.46 0.46  69.4   3    252    245    238 
   256  180.954   69.751  306.78     3.999    14.913 6765.7   2 1.184e+00      1.23 0.44 148.2   5    244    241    262    275    276 
   257   93.520   78.405  206.89     0.117    14.375 5336.5   1 1.664e-01      0.46 0.55 119.7   2    218    231 
   258  132.295  116.321  292.64    10.794    14.566 9058.1   2 5.568e-01      0.84 0.25 154.7   3    236    250    269 
   259  350.820   93.673   33.94    14.324    14.312 4333.3   1 1.344e-01      0.41 0.37 159.4   1    238 
   260   93.306  161.934  295.21     7.775    14.500 2465.2   2 2.816e-01      0.60 0.34 162.9   2    236    263 
   261   62.645   84.898   46.33     6.633    14.667 1094.0   1 7.680e-02      0.31 0.45 149.0   3    246    236    264 
   262  123.697   46.802  293.99     5.086    15.385 8327.0   2 1.696e+00      1.47 0.59  17.7   9    241    246    256    268    264    275    277    279    281 
   263  136.060  119.477  308.62     7.901    14.964 2664.3   2 8.256e-01      1.03 0.40  20.2   5    236    260    264    266    269 
   264  139.124   58.798  147.88     6.484    15.185 4027.9   2 6.592e-01      0.92 0.40 143.7   9    261    236    263    246    269    268    271    262    279 
   265   83.554   64.421  135.37    17.347    14.960 6701.6   2 1.152e-01      0.38 0.50 123.7   2    238    274 
   266   95.948   44.250  213.96     8.570    14.870 1696.5   2 5.120e-02      0.26 0.60  45.0   3    263    236    269 
   267  170.624   87.494  327.00    16.203    14.862 5960.1   1 8.320e-02      0.33 0.46 161.6   1    238 
   268  288.563  137.213  350.59     5.847    15.029 4440.8   2 1.408e-01      0.42 0.55  15.9   3    246    262    264 
   269   26.368   56.933  228.81     8.548    15.715 6939.0   2 5.382e+00      2.62 0.29 173.7  12    266    236    258    250    264    263    238    271    282    284    279    300 
   270  268.649  119.575  316.89    14.542    15.984 8609.8   2 3.213e+00      2.02 0.19 162.5  11    238    273    278    283    286    289    294    295    297    298    301 
   271  130.772  110.011  119.40     6.418    15.610 7820.2   2 3.648e-01      0.68 0.36 114.8   3    264    269    279 
   272  156.609  129.512  115.57     2.089    15.355 7531.1   2 2.176e-01      0.53 0.45 156.0   1    244 
   273   31.641   71.893   17.19    16.811    16.479 8802.6   2 2.464e+00      1.77 0.53 127.6   6    270    238    274    278    286    313 
   274  208.951  163.142  132.44    17.247    15.396 8708.9   2 1.728e-01      0.47 0.48 125.5   3    273    238    265 
   275  203.269  113.147  311.36     3.993    15.814 6071.5   1 4.096e-01      0.72 0.47 108.4   5    256    262    277    276    287 
   276   25.358   76.561    1.70     3.436    16.202 7420.6   2 7.232e-01      0.96 0.41  64.8   8    244    256    275    285    287    299    291    303 
   277  155.317  140.628  109.88     4.337    16.169 4740.8   2 3.968e-01      0.71 0.47 114.8   7    275    262    281    279    287    290    291 
   278  324.829   54.823  315.65    16.324    15.897 5395.8   2 2.624e-01      0.58 0.40 135.0   3    270    273    286 
   279  180.520   72.026  129.50     5.496    16.813 5817.4   2 2.598e+00      1.82 0.56 138.8  12    262    271    264    281    269    277    290    300    305    291    303    284 
   280  283.248   58.504  339.74     1.591    15.973 5230.2   2 5.760e-02      0.27 0.64 116.6   1    244 
   281  302.498   87.376  294.48     4.804    16.086 5493.0   2 2.368e-01      0.55 0.45  16.7   3    277    262    279 
   282   24.677  110.486   37.15    10.222    16.640 8284.4   2 3.987e+00      2.25 0.37 170.5  11    269    238    284    283    293    296    292    306    310    311    316 
   283  310.714  118.054  300.77    12.359    16.199 6879.7   2 4.224e-01      0.73 0.29 170.0   5    238    270    282    296    297 
   284   74.001   85.048    0.55     7.870    16.996 7884.9   2 1.856e+00      1.54 0.30 153.4   7    269    282    292    293    300    305    279 
   285  179.757   72.531  125.34     2.896    16.663 5934.6   2 5.440e-01      0.83 0.54 140.7   7    244    276    288    299    308    303    309 
   286  214.792  162.165  136.05    15.670    16.777 10269.9   2 1.082e+00      1.17 0.50 130.9   4    270    278    273    289 
   287  142.519   53.748  276.83     3.851    16.446 3869.6   2 4.480e-02      0.24 0.58 104.0   4    276    275    277    291 
   288   51.945  103.130   34.96     2.357    16.662 5125.2   2 1.664e-01      0.46 0.31 131.2   4    244    285    302    308 
   289  124.796   72.955  157.91    14.671    17.006 10742.2   2 1.165e+00      1.22 0.61 135.0   4    270    286    295    307 
   290  178.167   75.373  301.10     4.409    16.640 4563.2   2 1.728e-01      0.47 0.56 140.2   3    277    279    291 
   291  138.196   46.238  147.15     4.086    16.817 4218.9   1 1.792e-01      0.48 0.38  36.9   6    287    277    276    290    303    279 
   292  272.336  132.819  319.61     8.540    16.680 5388.9   2 5.120e-02      0.26 0.46 143.1   3    284    293    282 
   293  339.050  138.258    8.25     8.770    16.710 5714.0   1 5.120e-02      0.26 0.48  53.1   3    292    282    284 
   294  211.335  165.380  133.43    12.767    16.887 5809.2   2 3.904e-01      0.71 0.40 149.7   7    270    301    304    297    296    315    307 
   295  328.228   54.747  318.18    13.954    16.699 8282.2   2 1.984e-01      0.50 0.33 153.4   5    270    289    298    307    301 
   296   37.304  112.163  236.27    11.857    17.133 4520.3   2 6.848e-01      0.93 0.68 155.2   6    282    297    283    294    311    314 
   297  259.406  167.031  348.28    12.233    16.773 3974.7   2 7.680e-02      0.31 0.39  38.7   4    296    283    270    294 
   298   90.977   52.382  178.04    13.573    16.693 7137.7   1 3.840e-02      0.22 0.45 135.0   3    270    295    301 
   299  333.540   36.028  347.77     3.293    16.800 4035.3   2 3.840e-02      0.22 0.43 135.0   3    285    276    303 
   300  264.150  137.761   89.93     6.768    16.795 3657.1   1 9.600e-02      0.35 0.45  26.6   4    269    279    305    284 
   301  172.218   87.342  326.41    13.400    16.832 5636.0   1 6.400e-02      0.29 0.52  53.1   6    294    304    270    298    295    307 
   302  286.057   52.978  334.34     1.874    17.195 6018.9   2 3.904e-01      0.71 0.65 127.9   5    244    288    308    309    303 
   303  157.211  132.792  113.92     3.512    17.217 5677.5   2 8.896e-01      1.06 0.26 171.3   7    299    276    291    285    309    279    302 
   304  148.528  123.848  311.47    13.093    17.013 6858.7   2 1.728e-01      0.47 0.48 135.0   3    294    301    307 
   305  323.980  130.282  309.26     6.670    17.049 3217.7   2 1.728e-01      0.47 0.55 150.3   3    279    300    284 
   306  243.554   96.711  311.04     8.976    17.024 6319.1   1 3.200e-02      0.20 0.41  63.4   1    282 
   307   84.655  103.230  283.04    13.502    17.244 6026.9   2 5.376e-01      0.83 0.35 170.0   6    295    301    289    304    294    315 
   308  338.680   48.861  243.88     2.360    17.000 3472.0   2 5.120e-02      0.26 0.59  26.6   4    288    285    302    309 
   309  334.714   35.540  348.77     2.452    17.195 3954.4   2 1.984e-01      0.50 0.37 163.3   4    308    285    302    303 
   310   37.218  110.420   59.66    10.897    17.315 4030.0   2 1.472e-01      0.43 0.44 144.5   3    282    311    316 
   311  211.984  119.163   62.76    11.223    17.309 4196.2   2 8.960e-02      0.34 0.62  59.0   3    310    282    296 
   312   95.632   78.912  205.21     0.064    17.304 4665.1   1 6.400e-02      0.29 0.62  63.4   1    244 
   313  290.584   95.491  344.48    17.260    17.348 6569.5   2 1.280e-01      0.40 0.75 150.3   1    273 
   314  256.973  164.908  344.59    12.413    17.387 5771.6   2 3.840e-02      0.22 0.73 123.7   2    296    315 
   315  177.752   38.595  108.71    12.600    17.360 3395.1   1 5.120e-02      0.26 0.43  36.9   3    314    294    307 
   316   32.721   57.377   25.18    10.457    17.406 4658.8   2 4.480e-02      0.24 0.54 153.4   2    282    310 
