     1  334.107   61.316  246.30     0.206     0.346 10552.4   2 2.560e-01      0.57 0.37  79.7   1      2 
     2  107.405   99.313  310.71     1.612     3.844 11417.3   2 1.552e+01      4.45 0.27  63.4  19      1      3      4      5     21      6     29     59     67     97     99    102    106    107    109    115    118    124    128 
     3  335.609   59.909  245.63     0.919     0.169 10615.7   2 3.392e-01      0.66 0.40  30.3   2      2      4 
     4  271.789   25.320   61.75     1.328     0.064 9748.2   2 3.200e-02      0.20 0.53  56.3   2      3      2 
     5  241.561  106.735  350.23     1.610     0.070 9595.3   2 5.120e-02      0.26 0.62  45.0   3      2      6     21 
     6  336.121   99.930   18.07     3.876     3.488 11425.3   2 1.499e+01      4.37 0.27  68.9  14      5      7     21      2     29     30     49     81     97    105    107    116    120    124 
     7  232.744   65.876  306.15     5.692     3.415 11748.7   2 9.414e+00      3.46 0.16  64.4  14      6      8     22      9     47     53     64     86     62    100    105    116    119    122 
     8  332.777  105.491   16.74     5.581     0.146 10001.2   2 1.088e-01      0.37 0.56  51.3   2      7      9 
     9  289.357   30.781   35.34     5.816     0.740 10695.0   2 7.360e-01      0.97 0.32 111.8   6      8     10      7     43     41     47 
    10  281.429   23.889  321.40     6.317     1.078 9514.0   2 8.128e-01      1.02 0.27  94.6   6      9     11     41     47     53     54 
    11  164.141  119.250  302.81     9.096     2.399 10689.3   2 1.634e+01      4.56 0.46   8.6  24     10     12     13     14     15     35     16     33     44     42     45     54     55     60     62     66     68     73     74     80     87     91     88     92 
    12  228.167  106.021  337.14     7.653     0.298 9561.5   2 2.048e-01      0.51 0.40  73.3   1     11 
    13  325.617  102.783  334.30     8.610     0.288 8720.5   1 2.752e-01      0.59 0.34  48.0   2     11     14 
    14   10.287  122.640  354.26     8.978     0.400 8932.3   2 2.560e-01      0.57 0.28  69.0   3     13     11     35 
    15  330.006  110.810   17.47    11.164     1.158 12897.7   2 6.438e+00      2.86 0.57 129.9   4     11     16     20     26 
    16  188.836   53.804  102.33    13.486     0.504 10553.3   2 1.107e+00      1.19 0.63 128.7   6     15     17     20     24     33     11 
    17   57.549  109.321   60.59    14.292     0.336 6593.5   2 1.280e-01      0.40 0.25  60.9   6     16     18     24     25     19     31 
    18  327.222   91.053   17.30    14.786     0.076 10155.2   2 2.880e-01      0.61 0.46 173.3   2     17     19 
    19  182.162  132.144  117.09    16.127     0.226 9267.5   2 1.178e+00      1.22 0.18   3.0   5     18     23     17     27     28 
    20  184.862   55.279  108.81    12.826     0.477 9969.3   2 1.600e-01      0.45 0.31  78.7   3     15     16     26 
    21   69.566   69.489  143.38     1.737     0.377 9161.3   1 4.480e-02      0.24 0.38  53.1   3      2      6      5 
    22  241.444  111.125  346.27     4.297     0.411 11488.1   2 4.480e-02      0.24 0.36 101.3   1      7 
    23  326.302   88.006   20.56    15.877     0.646 10082.9   2 1.107e+00      1.19 0.25 172.4   8     19     27     31     32     34     36     38     39 
    24   54.025  110.877   58.10    14.091     0.503 6842.5   2 4.480e-02      0.24 0.25  99.5   4     16     17     25     33 
    25  274.695   24.372   58.29    14.222     0.628 5793.0   2 8.320e-02      0.33 0.50 108.4   4     24     17     31     33 
    26  145.773   78.985  117.31    12.633     0.673 8945.4   1 7.680e-02      0.31 0.59 111.8   2     15     20 
    27  235.025   72.657  359.05    17.156     0.800 9022.3   2 2.816e-01      0.60 0.42  52.1   6     23     19     28     34     37     39 
    28  221.505   67.823   15.60    17.411     0.705 8207.2   2 7.040e-02      0.30 0.69  98.1   2     19     27 
    29  233.899   68.905  299.25     1.836     0.952 9680.4   2 1.216e-01      0.39 0.35  76.0   3      2     30      6 
    30  205.019  137.340  105.04     1.960     0.720 8756.2   2 3.840e-02      0.22 0.66  56.3   2     29      6 
    31  229.939   49.510  103.87    14.651     1.317 9586.3   2 7.552e-01      0.98 0.38  40.9   8     17     23     25     32     33     40     48     51 
    32  311.302   16.407  335.29    15.883     1.593 9963.4   2 1.779e+00      1.51 0.23  42.0  10     23     31     36     38     39     48     51     52     58     65 
    33  247.903   14.342   70.31    13.857     1.074 8330.2   2 1.792e-01      0.48 0.31 131.2   7     16     25     24     31     11     40     45 
    34  358.935   61.512   12.02    16.755     0.930 8555.8   2 1.024e-01      0.36 0.63 149.0   4     23     27     39     37 
    35  241.733  106.222  351.93     9.182     1.084 8487.6   2 5.760e-02      0.27 0.42 111.8   3     14     11     42 
    36  147.231  102.047  308.09    15.584     0.928 7714.6   2 3.200e-02      0.20 0.53  33.7   2     32     23 
    37   53.316   73.893   40.66    17.035     1.131 6659.6   2 9.600e-02      0.35 0.54  38.7   3     34     27     39 
    38    7.734   51.411   24.83    16.177     1.154 6992.0   1 8.960e-02      0.34 0.57  18.4   3     32     23     39 
    39  243.003  159.651  117.69    17.059     1.544 9202.9   2 6.848e-01      0.93 0.38  49.1   7     23     34     38     37     32     27     52 
    40  208.045  116.970  311.70    14.687     2.339 9127.0   2 1.037e+00      1.15 0.23  61.8  11     33     31     45     46     50     57     51     63     61     70     72 
    41  294.037   27.251   35.48     6.103     1.429 7759.8   2 4.480e-02      0.24 0.36 101.3   3      9     10     43 
    42  145.613   76.895  209.13     9.250     1.465 8329.3   1 1.024e-01      0.36 0.52  71.6   3     11     35     44 
    43   15.542   99.752  306.96     5.973     1.453 6472.6   1 3.840e-02      0.22 0.45  63.4   3      9     41     47 
    44  201.206  140.938   96.14     9.040     1.456 7523.5   2 3.200e-02      0.20 0.55  56.3   2     11     42 
    45   36.286   65.880  136.22    13.355     4.185 10232.7   2 6.522e+00      2.88 0.25 110.5  22     33     40     11     46     50     56     60     61     72     77     83     78     85     79     98     95    110    111    112    113    108    117 
    46  149.894  107.342  309.31    14.032     1.576 8343.1   2 6.400e-02      0.29 0.41  45.0   3     45     40     50 
    47  171.347  116.172  313.36     5.867     1.790 10056.3   2 2.240e-01      0.53 0.52  49.4   5      9     43      7     10     53 
    48  153.982  102.962  315.42    15.373     1.733 7051.5   2 7.680e-02      0.31 0.37  38.7   3     31     32     51 
    49   53.191  111.661  236.71     3.834     2.680 11396.5   2 3.456e-01      0.66 0.11  69.4   1      6 
    50  274.207   61.854   39.58    14.080     1.825 7721.3   2 1.024e-01      0.36 0.41  33.7   5     45     46     40     56     57 
    51  145.638  101.594  109.20    16.349     4.476 8462.8   2 4.627e+00      2.43 0.21  67.3  17     48     32     40     31     63     65     70     78     79     84     89     90     94     96     95    104    123 
    52  154.485   47.274  125.32    16.989     2.145 9763.0   2 3.648e-01      0.68 0.29  34.7   3     32     58     39 
    53  147.023   65.147  341.67     6.168     2.217 10333.9   2 2.688e-01      0.59 0.47 123.7   5     10     54     47      7     64 
    54  343.256   65.477  229.74     6.644     2.663 10535.9   2 5.376e-01      0.83 0.24  79.2   6     53     10     55     11     64     62 
    55  240.048  107.234  344.39     6.895     2.190 8194.6   2 1.024e-01      0.36 0.29  54.5   3     54     11     62 
    56  258.550  147.706   68.13    14.167     2.065 8167.7   1 7.040e-02      0.30 0.46  31.0   4     45     50     57     61 
    57  278.341  103.860  340.95    14.505     2.117 7741.6   2 8.320e-02      0.33 0.41  26.6   4     56     50     40     61 
    58  146.798  103.600  128.72    17.045     2.529 9493.6   2 3.264e-01      0.64 0.18  42.9   3     32     52     65 
    59  243.021  105.350  350.30     0.169     2.386 8909.3   2 2.176e-01      0.53 0.49  53.1   2      2     67 
    60  233.125   63.581    4.76    12.764     3.220 9871.7   2 1.114e+00      1.19 0.29  95.9   5     11     45     66     69     85 
    61   17.015  101.497   16.34    14.292     2.354 9928.8   2 1.664e-01      0.46 0.32  36.9   4     45     56     57     40 
    62  151.564   68.313   74.11     7.311     4.435 10705.4   2 3.277e+00      2.04 0.17  82.6  12     55     11     54     74     64     86     92      7    100    103     91    122 
    63  336.989   25.308   33.21    15.020     2.460 10202.5   2 7.680e-02      0.31 0.31  45.0   2     40     51 
    64  277.709  125.280  348.05     6.422     3.139 9425.6   1 4.672e-01      0.77 0.19  74.7   5     53     54      7     62     86 
    65    9.493  108.974  197.45    16.788     3.139 11023.1   2 1.235e+00      1.25 0.46  53.6   5     51     32     58     82     84 
    66  220.200  114.838  304.28    12.172     2.705 7076.9   2 1.728e-01      0.47 0.55 119.7   5     11     60     68     69     71 
    67  231.369   67.944  300.59     0.651     3.045 9470.1   2 1.920e-01      0.49 0.24  63.4   2     59      2 
    68    7.214   91.301   16.92    11.760     3.068 7376.5   2 2.048e-01      0.51 0.48 139.4   6     11     66     71     73     75     76 
    69  258.493  148.587  158.81    12.380     3.536 10272.1   1 5.312e-01      0.82 0.44  80.0   5     66     60     71     76     85 
    70  259.913  148.981  249.55    15.342     3.163 7674.0   1 8.320e-02      0.33 0.57 121.0   3     40     51     78 
    71  243.266  151.729   99.39    12.061     3.395 9688.0   2 1.920e-01      0.49 0.42 106.7   5     68     66     69     75     76 
    72  284.902   13.982   79.02    14.812     3.362 11188.8   2 2.112e-01      0.52 0.47  32.0   4     45     40     77     78 
    73  244.672  152.304  103.01    11.180     4.310 12013.8   2 1.389e+00      1.33 0.32  97.6   6     11     68     76     80     88     98 
    74  234.106   54.200  121.80     7.648     3.480 10396.3   2 6.400e-02      0.29 0.44  99.5   2     62     11 
    75   80.643   31.786   19.87    11.833     3.433 8263.2   1 7.680e-02      0.31 0.47 121.0   3     68     71     76 
    76  218.634  115.184  309.75    11.722     4.105 9437.9   2 6.272e-01      0.89 0.35  78.7   7     73     68     75     71     69     85     98 
    77  258.073  147.590  160.20    14.505     3.774 9322.3   1 2.880e-01      0.61 0.42 114.4   4     45     72     78     83 
    78  150.556  110.874  120.60    14.766     3.928 8577.9   2 3.648e-01      0.68 0.15 136.7   6     72     70     51     79     77     45 
    79  165.325   38.240  126.95    15.041     4.244 9764.2   2 1.171e+00      1.22 0.31 129.3   6     78     51     89     93     95     45 
    80  100.593   92.278   30.83    10.582     3.786 9205.3   2 1.600e-01      0.45 0.28 138.8   3     11     73     88 
    81   72.073   71.633   52.08     4.473     3.787 7463.3   1 7.680e-02      0.31 0.47 108.4   1      6 
    82  150.846  107.484  305.95    17.317     4.095 10966.3   2 3.072e-01      0.63 0.37 103.0   4     65     84     90     96 
    83  142.314   95.665  118.65    14.192     3.872 8786.3   2 3.200e-02      0.20 0.36 116.6   2     45     77 
    84  258.440  148.827  159.56    16.924     4.029 4689.5   1 1.408e-01      0.42 0.52  60.3   4     51     65     82     90 
    85  227.834   58.427   98.49    12.328     4.571 10735.7   2 6.784e-01      0.93 0.53  60.3   5     76     69     60     45     98 
    86  145.986   76.372  207.71     6.704     4.408 9071.1   1 1.280e-01      0.40 0.23  63.4   3      7     64     62 
    87   17.626   25.568  354.46    10.100     4.150 7022.0   2 5.120e-02      0.26 0.43 143.1   2     11     88 
    88  218.159  113.135  308.66    10.080     6.682 10499.5   2 8.486e+00      3.29 0.43 110.8  16     87     80     73     11     91    101     98    108    122    126    129     95    139    140    142    141 
    89  359.277  106.675   12.64    15.668     4.513 9112.3   2 2.176e-01      0.53 0.43 143.1   4     79     51     94     95 
    90  293.528   58.600  301.20    17.126     4.469 6703.6   2 8.960e-02      0.34 0.53  59.0   4     84     82     51     96 
    91  241.469  150.167  101.27     8.821     6.046 9949.1   2 2.054e+00      1.62 0.19 129.0   7     11     88    101     92    103     62    122 
    92   59.920   72.473   13.73     7.994     5.470 8957.5   2 8.192e-01      1.02 0.25  76.5   4     62     11    103     91 
    93  259.947  147.477  159.84    14.720     4.671 7814.8   1 8.320e-02      0.33 0.40 141.3   2     79     95 
    94  212.441  114.159  296.36    15.277     5.262 10578.1   2 6.912e-01      0.94 0.17 137.9   3     89     51     95 
    95  312.815   19.052   43.39    13.937     7.010 9016.8   2 1.176e+01      3.87 0.33 144.8  22     79     89     93     94     51     45    110    117    123    127    108    129    132    133    136     88    137    138    139    141    143    144 
    96  166.497   38.322  125.47    17.330     4.990 7692.4   2 2.368e-01      0.55 0.40 105.3   4     90     82     51    104 
    97   72.909   68.897   51.04     3.368     5.277 9078.6   1 6.592e-01      0.92 0.40  51.8   3      2      6    107 
    98   79.762   30.723   18.77    11.989     5.413 11607.5   1 8.576e-01      1.04 0.61 118.1   6     85     73     76     45     88    108 
    99    5.809  138.899  300.43     1.152     5.722 10920.4   1 6.656e-01      0.92 0.34 114.0   3      2    106    109 
   100   52.385  121.617   56.24     7.070     5.230 8779.6   2 5.120e-02      0.26 0.47  68.2   2      7     62 
   101  258.116  146.733   68.53     9.800     5.200 8908.4   1 5.120e-02      0.26 0.40 111.8   2     91     88 
   102  251.050  110.120   37.74     0.250     5.603 10736.8   1 3.648e-01      0.68 0.55  45.0   2      2    106 
   103   53.657  112.610   57.90     7.789     5.957 8921.0   2 3.008e-01      0.62 0.23  76.0   3     62     92     91 
   104  264.409  102.993  344.98    17.361     6.373 1011.9   2 4.544e-01      0.76 0.25  97.1   3     96     51    123 
   105  185.039   40.827  150.74     6.058     6.128 6373.6   1 2.368e-01      0.55 0.46  73.3   3      6      7    116 
   106   70.273   78.641  187.73     1.594     7.959 11034.8   2 9.632e+00      3.50 0.59 154.7  17    102     99      2    114    109    115    125    128    130    124    116    149    152    153    156    158    161 
   107  155.250  121.732  289.90     3.657     6.066 8085.3   2 1.792e-01      0.48 0.46  49.4   3      2     97      6 
   108  143.658   94.077  115.89    11.497     6.707 10511.2   2 4.288e-01      0.74 0.17  97.8   5     88     98     45    129     95 
   109    4.095  129.109  343.08     1.335     6.460 8609.3   2 4.032e-01      0.72 0.46  54.0   4     99      2    106    115 
   110  320.752   84.942   60.27    13.066     6.194 9337.7   2 1.792e-01      0.48 0.36 143.1   4     45     95    113    117 
   111  281.113   58.937  348.55    12.373     6.307 6469.2   1 3.840e-02      0.22 0.45 116.6   3     45    112    117 
   112  239.403  148.154  102.58    12.572     6.320 8730.7   2 8.320e-02      0.33 0.41 128.7   4     45    113    111    117 
   113   59.281   30.738  259.51    12.777     6.263 8572.3   1 4.480e-02      0.24 0.38 126.9   4    112     45    110    117 
   114  197.932   43.217   96.22     0.064     6.360 3002.4   2 6.400e-02      0.29 0.66  63.4   1    106 
   115  182.013   39.910  149.24     1.851     6.617 6902.5   1 4.480e-02      0.24 0.53  63.4   3      2    109    106 
   116  173.510   44.478  112.80     3.845     9.251 10041.0   2 1.286e+01      4.05 0.34 147.0  21    105      7    119      6    120    121    106    134    149    151    150    153    156    159    158    161    166    168    172    175    179 
   117    4.966   90.369   17.23    12.261     6.755 10908.9   2 3.648e-01      0.68 0.36 140.7   6     45    111    112    110    113     95 
   118  233.881   69.540  301.44     3.636     6.778 6734.9   2 7.040e-02      0.30 0.42  71.6   1      2 
   119  154.214   81.308   75.58     6.751     7.438 8912.3   2 9.856e-01      1.12 0.37  68.6   6    116      7    121    122    134    135 
   120  251.759  111.396   36.24     5.469     6.873 5820.7   1 7.040e-02      0.30 0.41 121.0   2      6    116 
   121  109.889   99.579   42.75     6.400     7.184 8822.4   2 6.400e-02      0.29 0.69  63.4   2    119    116 
   122   94.946   74.822    1.44     8.088     7.767 8297.5   2 1.184e+00      1.23 0.45 142.1   8     91     88      7     62    119    131    135    140 
   123  188.978  125.750  318.03    16.606     9.611 5099.3   2 8.736e+00      3.34 0.27  77.2   8     95     51    104    133    148    178    189    190 
   124  154.248  120.114  110.79     4.230     7.405 7970.1   2 1.024e-01      0.36 0.34  66.8   3      2      6    106 
   125  251.778  109.465  307.47     0.780     7.276 6388.5   1 1.280e-01      0.40 0.35  18.4   1    106 
   126  270.706  102.362  178.13    10.605     7.544 9951.3   2 1.472e-01      0.43 0.32  66.0   2     88    129 
   127  257.237  148.166   68.17    13.766     7.588 10743.7   1 4.544e-01      0.76 0.37 149.0   1     95 
   128  272.555   23.215   62.02     3.700     7.430 8211.4   2 5.120e-02      0.26 0.37  59.0   2    106      2 
   129   51.941  119.698  247.66    11.034     7.664 10132.7   2 2.624e-01      0.58 0.38 125.0   4     88    108     95    126 
   130   72.469   70.088  141.87     3.296     7.504 8906.1   1 3.200e-02      0.20 0.41  26.6   1    106 
   131  220.123  114.370  306.66     8.266     8.234 7566.2   2 1.792e-01      0.48 0.53  69.4   3    122    135    140 
   132   64.879  124.481  220.05    15.366     8.149 7434.9   2 8.960e-02      0.34 0.53  59.0   2     95    133 
   133  347.946   98.405  194.16    15.352     8.769 8568.6   2 1.107e+00      1.19 0.44  69.1   7    132     95    123    136    141    146    148 
   134  106.970   30.827  213.69     6.443     8.649 8660.7   2 5.312e-01      0.82 0.35 125.5   4    116    119    135    150 
   135  316.244  128.875  310.09     7.848     9.178 9381.3   2 3.072e+00      1.98 0.48  59.9  14    119    122    131    134    140    142    145    150    155    157    154    160    170    173 
   136   63.633  125.506   42.54    14.680     8.400 9441.4   2 1.792e-01      0.48 0.57  60.3   4     95    133    137    141 
   137  294.202   15.741   51.59    14.373     8.415 8770.6   2 1.344e-01      0.41 0.52  56.3   4     95    136    138    141 
   138    6.505   52.580  222.75    13.734     8.739 10559.1   2 5.184e-01      0.81 0.48 140.7   5     95    137    141    143    147 
   139  260.060  149.037   69.71    10.453     8.599 7763.2   1 1.728e-01      0.47 0.54  29.7   4     88     95    141    144 
   140  253.276  149.743  154.29     8.672     8.528 2900.2   1 6.400e-02      0.29 0.43  31.0   4    131    122    135     88 
   141   82.082  166.259   17.20    11.752    10.879 10973.1   2 1.453e+01      4.30 0.54 127.6  28    138    137     88    139     95    136    133    144    143    146    142    147    148    145    154    163    162    164    167    171    170    181    182    183    185    194    196    203 
   142   12.836   58.629  238.68     9.159     8.875 5771.6   2 1.984e-01      0.50 0.63  12.5   4    135     88    145    141 
   143   74.238   32.625    1.08    13.179     8.864 6327.8   1 9.600e-02      0.35 0.36 164.1   4     95    138    141    147 
   144   73.062   31.893    1.47    10.768     8.912 7282.1   1 1.280e-01      0.40 0.46 156.8   3    141    139     95 
   145  250.336  149.384   85.78     8.868     9.136 8096.2   1 1.280e-01      0.40 0.38 104.0   4    135    142    141    154 
   146  190.181  124.598  121.77    14.800     8.972 8465.0   2 8.320e-02      0.33 0.59  21.8   3    141    133    148 
   147   83.744  117.529  321.78    12.612     9.199 9483.7   2 3.776e-01      0.69 0.23 161.6   3    141    143    138 
   148  303.102   69.499   73.91    13.888    13.742 10438.3   2 1.858e+01      4.86 0.30 104.4  22    141    146    133    123    187    190    185    193    198    182    199    203    204    207    211    212    209    216    217    170    228    231 
   149   74.896  104.941  205.14     2.229     9.234 6635.3   2 4.480e-02      0.24 0.35 158.2   2    106    116 
   150   31.405   15.609  267.00     6.505     9.888 9558.8   2 1.274e+00      1.27 0.62 135.0  10    116    134    135    155    157    166    160    168    169    170 
   151   96.185  104.162  315.98     5.520     9.373 6799.1   2 3.840e-02      0.22 0.43 135.0   1    116 
   152  249.926  111.746  307.66     1.787     9.400 6062.9   1 3.840e-02      0.22 0.42 153.4   2    106    153 
   153  338.428  115.050  343.68     1.931     9.486 7457.3   2 4.480e-02      0.24 0.38 126.9   3    152    116    106 
   154   82.956  116.469  322.13    11.128     9.961 10035.5   2 2.650e+00      1.84 0.17 168.2  10    145    141    135    162    163    164    165    167    171    173 
   155   32.712  150.331   54.48     7.130     9.620 6854.6   2 1.024e-01      0.36 0.49  63.4   3    150    135    157 
   156  252.048  110.909  307.81     0.514     9.657 7528.4   1 4.480e-02      0.24 0.49  63.4   3    106    116    158 
   157  208.677   77.794  357.77     7.357     9.799 9443.3   2 1.856e-01      0.49 0.47 116.6   4    155    135    160    150 
   158   25.430   42.120  351.22     0.368     9.776 8050.5   2 3.200e-02      0.20 0.53 123.7   3    106    156    116 
   159  224.564   70.449  298.13     4.065    10.554 9659.5   2 1.466e+00      1.37 0.29 146.3   5    116    168    176    180    177 
   160  324.660  122.758  309.63     7.644    10.129 8910.3   2 5.184e-01      0.81 0.55 159.0   4    157    135    150    170 
   161  112.398   39.758  288.15     0.064    10.068 9379.1   2 1.280e-01      0.40 0.34  96.3   2    106    116 
   162  251.300  149.048   86.99    12.888    10.219 10132.2   1 4.672e-01      0.77 0.43 156.8   4    154    164    167    141 
   163   69.224   30.734   94.45    13.931    10.082 8572.7   1 2.368e-01      0.55 0.42 158.2   3    154    141    164 
   164   12.284   54.478  221.22    13.520    10.160 9432.0   2 9.600e-02      0.35 0.60  59.0   4    162    154    163    141 
   165  254.077   60.505  359.10    10.388    10.255 8962.1   1 1.664e-01      0.46 0.22 166.0   2    154    171 
   166   18.629  149.648  358.89     5.637    10.271 8488.2   1 8.320e-02      0.33 0.51 135.0   3    116    150    168 
   167   64.717   75.380  180.27    11.838    10.380 9756.6   2 3.328e-01      0.65 0.45 155.6   4    154    162    171    141 
   168   15.985   97.132   16.84     5.863    13.039 11658.2   2 1.639e+01      4.57 0.44  51.2  17    166    150    116    170    159    177    179    176    180    175    192    195    208    213    215    220    229 
   169  148.209   58.487  136.60     6.640    10.467 9823.8   2 7.680e-02      0.31 0.38  18.4   2    150    170 
   170  271.043   55.168  322.66     9.603    13.941 11156.8   2 1.335e+01      4.12 0.16  46.0  19    150    160    135    168    169    173    171    141    184    186    194    196    203    207    209    213    148    220    232 
   171  125.569  120.084  113.19     9.910    10.717 9321.0   2 1.376e+00      1.32 0.27 158.8   6    154    165    167    141    173    170 
   172   11.266   70.737   24.71     1.020    11.007 11558.2   2 1.139e+00      1.20 0.30  18.4   3    116    174    175 
   173  249.546  145.961  358.29     8.796    10.813 8764.3   1 1.216e-01      0.39 0.49  56.3   4    170    135    154    171 
   174  225.082   71.722    8.58     0.774    11.731 12441.4   2 1.792e+00      1.51 0.46 156.0   4    172    175    188    191 
   175    3.673   74.607  306.94     2.105    12.132 10147.9   2 1.811e+00      1.52 0.57 157.4   9    172    116    179    174    168    188    192    191    197 
   176  242.896   80.814   25.07     3.558    11.379 6841.3   2 1.344e-01      0.41 0.65  63.4   3    159    168    180 
   177  134.242   25.916   20.63     4.083    11.367 6300.1   2 1.472e-01      0.43 0.61 153.4   3    159    168    180 
   178  349.328   98.104  193.03    17.241    11.781 5853.8   2 3.456e-01      0.66 0.33  78.7   2    123    189 
   179   41.087  100.852  349.29     2.731    11.478 9059.7   2 2.432e-01      0.56 0.63  49.4   3    175    116    168 
   180  242.532   90.028  338.01     3.776    11.464 5091.4   1 6.400e-02      0.29 0.40 121.0   4    176    177    159    168 
   181  180.774  129.988  121.59    11.847    11.778 10126.6   2 2.880e-01      0.61 0.63  71.6   2    141    182 
   182  199.408   58.859  293.38    12.230    12.662 10252.3   2 8.896e-01      1.06 0.29  67.8   6    181    141    183    185    193    148 
   183   71.560  114.540   45.72    12.375    11.595 8529.8   2 1.024e-01      0.36 0.50  51.3   3    182    141    185 
   184   17.129   95.731   13.55     8.979    13.226 11906.9   2 1.766e+00      1.50 0.17  58.4   1    170 
   185  248.247  148.761  175.30    12.574    12.296 9601.5   1 4.096e-01      0.72 0.48 111.0   5    183    141    182    193    148 
   186  308.320  153.422  338.94     9.141    12.197 8440.5   2 9.600e-02      0.35 0.25  63.4   1    170 
   187  308.117  123.471   43.22    15.632    12.513 7668.1   2 3.840e-01      0.70 0.45  81.3   2    148    190 
   188   34.568  106.493  216.13     1.022    12.228 8360.9   1 8.320e-02      0.33 0.36 116.6   3    174    175    191 
   189   63.656  127.447   43.39    17.296    12.844 7997.1   2 4.224e-01      0.73 0.29  93.4   3    178    123    190 
   190  343.163  100.580   13.01    16.140    15.456 12749.7   2 1.133e+01      3.80 0.63 106.9   8    187    148    123    189    199    204    212    231 
   191  313.459   40.089  297.69     1.794    13.734 9384.8   2 4.691e+00      2.44 0.30  48.5  10    174    175    188    197    200    201    202    210    214    218 
   192  340.434  120.426   48.89     3.330    13.091 7528.9   2 8.960e-01      1.07 0.25  59.7   5    175    168    195    197    206 
   193   11.985   54.592  310.19    12.616    12.612 9967.7   2 1.088e-01      0.37 0.37  69.4   3    185    182    148 
   194  333.686  113.063    3.91     9.533    12.533 6901.6   1 3.840e-02      0.22 0.45  26.6   3    170    141    196 
   195  125.844   24.174  202.59     5.014    15.402 8890.9   2 4.922e+00      2.50 0.21  62.7  16    192    168    206    210    218    219    221    222    223    224    230    220    227    225    235    236 
   196   17.535   95.545   14.72    10.299    13.356 9616.1   2 4.096e-01      0.72 0.15  48.4   4    170    194    141    203 
   197  237.290   79.527   25.14     3.121    13.653 9254.7   2 7.552e-01      0.98 0.35  60.9   5    191    175    192    206    210 
   198  349.133  100.438   12.12    13.952    13.315 9298.8   2 1.920e-01      0.49 0.44  66.0   1    148 
   199  308.283  122.613   43.92    15.294    13.534 7895.5   2 1.472e-01      0.43 0.50  76.0   2    148    190 
   200  138.727  132.682  111.93     0.651    13.810 10802.4   1 7.680e-01      0.99 0.51  13.2   3    191    202    205 
   201  109.542   46.659  291.67     1.799    13.864 8650.3   1 4.672e-01      0.77 0.57  18.4   2    191    202 
   202  183.262  105.464  307.14     2.088    15.829 10121.0   2 4.358e+00      2.36 0.37  72.6  10    200    201    191    205    218    221    223    225    233    234 
   203  284.629   17.543   55.63    10.987    13.956 6827.0   2 5.760e-02      0.27 0.59  63.4   5    141    148    196    170    207 
   204  128.697   58.590  138.12    15.137    14.675 9854.4   2 3.072e-01      0.63 0.23 102.5   2    148    190 
   205  314.964   37.050   27.14     0.678    15.943 12894.3   2 4.614e+00      2.42 0.49  59.8   2    200    202 
   206  288.160  150.645  277.10     3.878    14.509 7311.7   1 5.568e-01      0.84 0.54  59.7   5    197    192    195    210    219 
   207  347.162   96.624   12.30    11.170    14.240 7259.2   2 5.120e-02      0.26 0.33  59.0   4    203    148    170    209 
   208  150.336  157.654   88.82     6.680    14.377 7029.5   1 8.960e-02      0.34 0.44 116.6   1    168 
   209  131.792  165.131  294.83    11.357    14.858 10320.6   2 3.520e-01      0.67 0.23  56.3   4    170    207    148    216 
   210  160.027   60.016  129.02     3.338    14.509 4487.4   2 7.040e-02      0.30 0.40  71.6   6    197    191    214    206    195    218 
   211  343.130  102.406   15.40    14.217    14.469 7826.6   2 4.480e-02      0.24 0.47 101.3   1    148 
   212  343.236   94.301  237.77    14.558    14.886 7686.4   1 2.432e-01      0.56 0.27  81.9   2    148    190 
   213   18.644  107.480  205.47     8.971    15.209 9023.5   2 1.030e+00      1.15 0.31  45.0   4    168    170    220    226 
   214  354.559  141.959  203.89     3.163    14.629 4887.0   2 9.600e-02      0.35 0.63  68.2   3    191    210    218 
   215  153.937   66.469  269.16     7.393    14.893 6896.3   1 1.536e-01      0.44 0.29  78.7   2    168    220 
   216  340.119  101.381   13.07    11.697    14.943 8877.1   2 8.960e-02      0.34 0.43 108.4   2    148    209 
   217  247.460  148.952  173.40    14.130    14.880 7155.2   1 5.120e-02      0.26 0.48 101.3   1    148 
   218  107.903   44.546  290.74     3.383    15.017 3465.2   1 1.344e-01      0.41 0.53  56.3   6    214    210    195    191    202    221 
   219  270.885   58.164  322.34     4.200    15.080 6806.0   2 3.840e-02      0.22 0.43  63.4   2    206    195 
   220  151.090   22.800   98.34     8.098    16.483 9287.9   2 6.125e+00      2.79 0.42 173.2  10    213    215    168    229    226    170    195    232    236    237 
   221   60.155   69.756   37.77     3.640    15.320 3875.8   2 3.840e-02      0.22 0.43  26.6   4    202    218    195    223 
   222   13.561   98.110   18.12     5.749    15.812 7755.8   2 3.648e-01      0.68 0.39  65.2   3    195    224    230 
   223  272.397   56.943  322.98     4.295    15.681 6596.2   2 3.520e-01      0.67 0.28  37.6   5    221    195    202    225    227 
   224  192.427   92.557  298.16     5.408    15.472 6352.1   1 3.200e-02      0.20 0.36  63.4   2    195    222 
   225  119.606   51.408  149.71     3.896    16.758 11687.0   2 2.822e+00      1.90 0.57 162.8   7    202    223    227    233    195    234    235 
   226  160.964  113.199  271.04     9.160    15.845 6535.0   1 1.024e-01      0.36 0.29 159.4   2    213    220 
   227  130.648   27.074   20.17     4.571    16.251 7727.9   2 2.304e-01      0.54 0.22  47.7   3    225    223    195 
   228  247.618  148.514  174.04    13.590    16.066 8213.1   1 1.472e-01      0.43 0.39  69.4   1    148 
   229   61.066   88.826  201.86     7.536    16.060 6536.6   1 1.280e-01      0.40 0.48 146.3   2    220    168 
   230  191.768   93.410  298.77     5.667    16.260 7194.2   1 7.680e-02      0.31 0.29  66.8   2    195    222 
   231  307.894  121.357  311.57    14.936    16.392 9342.3   2 6.400e-02      0.29 0.50  68.2   2    190    148 
   232  143.668   61.772  138.67    10.403    17.034 11147.0   2 1.472e+00      1.37 0.42  23.7   3    220    170    237 
   233  121.616   87.805  116.81     2.931    16.778 8914.0   2 7.040e-02      0.30 0.46 121.0   3    202    225    234 
   234  349.032  127.781  196.72     2.631    17.125 8337.3   2 2.240e-01      0.53 0.46 114.0   3    202    233    225 
   235   44.255   21.129  251.03     5.129    17.276 10311.2   2 1.152e-01      0.38 0.48  56.3   2    225    195 
   236  341.331  119.564   48.34     6.185    17.280 7587.0   2 2.048e-01      0.51 0.68  35.5   2    195    220 
   237  355.012  156.963  200.36     9.573    17.353 10250.1   2 7.680e-02      0.31 0.71 126.9   2    220    232 
