     1  318.539   57.837   61.70     0.763     1.240 9079.4   2 3.386e+00      2.08 0.35 117.1  10      2     20     25     26     42     51     50     59     65     71 
     2  301.301   39.495   46.44     2.915     2.043 7846.5   2 6.816e+00      2.95 0.32  46.8  19      1      3      4     20     27     36     51     80     84     85     68     78     87     88     89     90     91     94     92 
     3  260.963  122.295   18.05     2.048     0.064 7078.2   1 3.200e-02      0.20 0.53  56.3   1      2 
     4  203.125  132.985  166.76     4.168     1.830 7230.9   2 3.328e+00      2.06 0.28  64.0   3      2      5     68 
     5   68.888   61.955   32.51     4.689     1.363 7421.8   2 9.472e-01      1.10 0.13  57.1   8      4      6     21     32     44     68     31     72 
     6  168.928  106.415  107.62     4.987     0.783 9199.4   2 1.421e+00      1.34 0.32  52.8   6      5      7     21     10     32     37 
     7  354.568  116.670  301.61     5.375     0.324 8095.3   2 3.520e-01      0.67 0.38  48.0   4      6      8     17     10 
     8  204.697  134.249  170.81     5.690     0.070 6113.8   2 5.120e-02      0.26 0.62  45.0   3      7      9     17 
     9  333.465   89.713  214.75     5.925     0.139 7735.8   1 9.600e-02      0.35 0.51 128.7   3      8     10     17 
    10  294.917   59.611  317.07     7.097     0.784 9370.5   2 4.275e+00      2.33 0.61 161.1  10      9     11     17      7      6     24     30     31     33     37 
    11  162.494   53.496  145.13     9.808     0.444 8267.3   2 2.656e+00      1.84 0.27 174.7   6     10     12     22     24     13     29 
    12  129.078   78.156  117.93    11.426     0.367 9233.6   2 4.928e-01      0.79 0.36 150.6   2     11     13 
    13   86.728   86.124  166.27    12.293     1.200 10112.2   2 6.029e+00      2.77 0.53   8.7  12     12     14     11     23     29     40     45     46     47     62     63     64 
    14   48.097   97.419   26.80    14.980     0.438 8779.4   2 2.483e+00      1.78 0.21  11.1   4     13     15     19     23 
    15  220.040  134.403  119.60    16.551     0.264 9006.4   2 6.912e-01      0.94 0.41 167.5   4     14     16     18     19 
    16   86.221   71.047   32.76    17.330     0.050 7782.2   1 5.120e-02      0.26 0.50  26.6   2     15     18 
    17  259.174  120.439   21.10     5.686     0.366 7004.2   1 8.960e-02      0.34 0.40  63.4   4      7      8      9     10 
    18  260.884  146.695    4.95    17.344     0.474 4634.1   1 1.600e-01      0.45 0.46 116.6   4     16     15     19     23 
    19  356.966   80.160   27.13    16.845     0.505 5379.7   2 1.024e-01      0.36 0.37  20.6   4     15     14     18     23 
    20  293.273  164.041  218.06     1.656     0.729 5675.1   2 1.088e-01      0.37 0.56  63.4   3      1      2     26 
    21  259.492  120.730   19.38     4.736     0.736 8295.3   1 6.400e-02      0.29 0.35  51.3   2      5      6 
    22   84.415   91.826   31.35    10.448     0.736 5802.7   1 3.200e-02      0.20 0.48  14.0   1     11 
    23  258.627  101.841   13.12    15.262     1.227 6713.0   2 2.246e+00      1.69 0.21 172.6   8     14     18     19     13     28     40     34     41 
    24   37.381  106.461   19.89     9.240     1.590 10183.4   2 1.440e+00      1.35 0.41  48.2   8     10     11     29     30     39     43     57     58 
    25  343.218   93.393    8.58     0.286     1.661 9165.0   2 6.720e-01      0.92 0.49  76.0   2      1     50 
    26   12.860  109.523  215.29     1.542     1.479 7681.0   2 2.752e-01      0.59 0.28 102.1   5      1     20     27     35     42 
    27  294.040  162.848  219.76     1.918     1.417 7099.9   2 2.432e-01      0.56 0.39  63.4   4     26      2     35     36 
    28   80.319  115.156  312.16    16.738     1.352 5850.1   2 6.656e-01      0.92 0.27 160.0   3     23     34     41 
    29   84.613   94.446   31.72    10.345     1.843 8950.0   1 9.728e-01      1.11 0.35  36.4   6     24     11     13     45     58     61 
    30  350.821  119.651  354.01     8.507     1.487 6031.6   1 7.680e-02      0.31 0.52  59.0   5     10     24     31     38     39 
    31  105.068   83.093   22.32     7.024     1.988 7574.8   1 1.965e+00      1.58 0.25 152.8  17     10     30     33     38     37     43     44     52     53     54     55     60     61      5     72     73     76 
    32  201.092  133.133   74.88     5.243     1.779 7784.9   2 1.920e-01      0.49 0.39  60.9   3      6      5     37 
    33   11.722  117.021   51.95     6.907     1.511 4300.8   2 5.760e-02      0.27 0.64  26.6   2     31     10 
    34  290.942   55.386  315.18    15.806     4.835 5743.0   2 1.977e+01      5.02 0.45  64.8  16     28     23     41     40     49     46     74     82     86    103    123    124    144    147    159    169 
    35  354.576  116.818  301.12     1.820     1.883 7524.3   2 1.536e-01      0.44 0.36  66.0   4     26     27     42     36 
    36  338.377   73.505  212.87     2.133     2.100 8240.6   1 2.880e-01      0.61 0.42 114.4   5     27      2     35     42     51 
    37  334.458   90.779  213.39     5.778     1.850 7845.8   1 1.984e-01      0.50 0.44 148.0   5      6     10     31     32     44 
    38   64.470  101.259  192.38     8.392     1.776 7480.3   2 6.400e-02      0.29 0.51 126.9   4     31     30     39     43 
    39  268.582   93.132   12.04     8.669     1.804 5280.2   2 7.040e-02      0.30 0.44  45.0   4     38     30     24     43 
    40  312.985  101.736   74.31    14.105     1.889 5293.3   2 2.624e-01      0.58 0.35 166.0   5     13     23     34     48     49 
    41  127.809   96.915    2.65    15.840     1.680 4652.4   2 3.200e-02      0.20 0.37  11.3   3     34     23     28 
    42  301.576  158.826   45.80     1.636     2.107 7348.4   2 1.152e-01      0.38 0.52  63.4   5     26     35      1     51     36 
    43    4.841   63.977   21.42     8.576     2.096 7686.6   2 2.240e-01      0.53 0.43   5.7   7     38     39     31     24     55     56     57 
    44   17.935   69.977   14.99     5.628     2.240 5774.0   2 1.088e-01      0.37 0.42 129.8   3     37     31      5 
    45  308.976  100.160  332.54    11.655     2.325 7657.0   2 3.264e-01      0.64 0.38  17.1   5     29     13     61     62     70 
    46  217.936  113.441  307.84    13.475     3.584 9228.7   2 3.814e+00      2.20 0.37  83.5   9     13     47     48     49     63     34     61     93    123 
    47   44.693   60.409    3.71    13.590     2.150 3925.1   1 5.120e-02      0.26 0.60 135.0   3     13     48     46 
    48  145.823   81.555  101.11    13.760     2.258 5011.1   2 5.760e-02      0.27 0.41 101.3   4     47     40     49     46 
    49   45.326   60.321    3.66    14.000     2.206 4139.6   1 4.480e-02      0.24 0.42  36.9   4     48     40     46     34 
    50   21.597   61.734   55.81     0.080     2.320 7128.2   2 5.760e-02      0.27 0.68  45.0   3     25      1     65 
    51  276.889  167.427   31.53     1.545     2.845 10002.4   2 5.056e-01      0.80 0.31  99.5   7      1     42     59     36      2     75     89 
    52   52.036  151.685  216.59     6.088     2.491 6555.1   2 1.344e-01      0.41 0.46 113.2   3     31     53     73 
    53   13.526  119.779   49.30     6.494     2.716 9397.8   2 6.528e-01      0.91 0.25 138.6   7     31     54     52     66     69     73     76 
    54  187.771   25.236    6.63     7.304     2.376 8211.9   2 6.400e-02      0.29 0.66  26.6   4     31     53     60     66 
    55  320.160   33.016  318.40     8.240     2.358 7215.9   1 1.344e-01      0.41 0.39   6.3   4     31     43     56     61 
    56   46.739   83.495   37.97     8.640     2.333 5985.3   2 3.840e-02      0.22 0.43  45.0   4     43     55     57     61 
    57  237.373  152.351  122.81     9.321     2.388 6030.6   2 2.624e-01      0.58 0.28  15.9   5     43     24     56     61     58 
    58  227.861   97.849  324.03    10.269     2.471 5937.9   2 3.328e-01      0.65 0.36  18.4   4     24     57     29     61 
    59  242.307   97.879  310.08     1.163     2.612 9299.0   1 1.664e-01      0.46 0.38 114.0   4      1     51     71     75 
    60  306.143   99.173    8.21     7.540     2.440 8060.1   2 5.120e-02      0.26 0.44  53.1   5     54     31     66     61     67 
    61  271.914  104.129   21.30    10.612     4.124 10139.7   2 1.284e+01      4.04 0.36  29.7  28     29     45     57     60     31     55     56     58     67     70     77     79     64     63     46     93     81     96    102    104    107    108    109    113    116    121    123    124 
    62  146.707   60.428  259.91    12.261     2.508 6936.6   2 1.472e-01      0.43 0.59 135.0   4     45     13     64     70 
    63   45.691   61.712  184.80    12.662     2.800 8284.4   1 1.856e-01      0.49 0.17  82.4   4     13     46     64     61 
    64  147.995   84.693  287.84    12.533     2.907 6620.5   2 1.152e-01      0.38 0.14  77.0   5     62     63     13     70     61 
    65   70.612   81.475  187.29     0.027     2.573 6371.2   2 3.840e-02      0.22 0.51 116.6   2     50      1 
    66  105.629   83.042   22.00     7.311     2.603 7703.6   1 8.320e-02      0.33 0.56   9.5   5     53     54     69     60     67 
    67  240.361  152.862  140.80     7.552     2.836 8078.1   2 2.112e-01      0.52 0.50 130.6   6     60     61     66     69     77     79 
    68  259.839  121.229   19.71     5.149     3.051 5039.7   1 1.408e-01      0.42 0.29 101.3   5      4      5     72     78      2 
    69  192.705  150.250  128.35     6.317     3.521 6948.5   2 1.434e+00      1.35 0.37 149.0   9     53     66     67     81     79     76     78     92    101 
    70  327.440   33.437   44.99    12.247     2.923 8092.9   1 2.240e-01      0.53 0.35  45.0   4     61     45     62     64 
    71  333.630   55.307  322.20     0.425     3.730 6642.1   2 1.395e+00      1.33 0.36 108.4   8      1     59     75     83     97     99     98    111 
    72   65.471  107.911  196.19     5.391     2.874 5974.5   2 8.320e-02      0.33 0.58  68.2   5      5     31     68     76     78 
    73  202.794  162.111  315.43     5.911     2.836 7226.0   2 5.760e-02      0.27 0.58  36.9   4     31     52     76     53 
    74   92.530   71.920  170.25    17.286     3.324 6385.0   2 4.544e-01      0.76 0.38 100.6   1     34 
    75  346.045  131.089  329.50     1.075     3.509 5576.6   2 5.568e-01      0.84 0.31 109.4   7     59     51     71     83     89     98     99 
    76  287.420  104.536  293.86     5.678     3.178 6368.5   2 2.816e-01      0.60 0.63  71.6   6     72     31     73     53     78     69 
    77  300.663   73.009   67.95     8.061     3.181 7756.9   2 3.200e-01      0.64 0.34  26.6   2     67     61 
    78   16.547  119.315   49.35     5.350     3.470 4048.2   2 2.048e-01      0.51 0.52 102.5   6     68     76     72      2     69     92 
    79   96.256   68.464   22.48     7.399     3.434 4617.1   1 1.728e-01      0.47 0.41  58.0   4     69     67     61     81 
    80  317.209  152.933   67.45     2.850     3.370 5292.6   2 1.024e-01      0.36 0.69   9.5   2      2     84 
    81   75.626   24.897   34.29     7.338     4.156 5242.5   2 1.709e+00      1.48 0.52  56.9   5     69     79     61    101    107 
    82  192.676  159.015  324.42    16.373     3.534 8266.7   2 4.480e-01      0.76 0.50   8.7   1     34 
    83  343.147  139.956  283.64     0.652     3.640 4812.1   1 1.280e-01      0.40 0.30  77.5   2     71     75 
    84  356.025  147.993  304.39     3.191     4.473 5681.1   2 2.509e+00      1.79 0.59  66.0  11      2     80     88     91     87    105    106    112    114    118    120 
    85  337.892   74.071  212.71     4.112     3.616 2886.3   1 3.200e-02      0.20 0.53  56.3   2      2     91 
    86   43.562   60.569    5.39    15.400     3.600 5713.3   1 3.840e-02      0.22 0.66  56.3   1     34 
    87   78.239  140.540  245.66     2.282     4.410 3246.6   2 6.080e-01      0.88 0.19  66.5   6      2     88     90     95     84    120 
    88  161.275   25.479   23.63     2.293     3.835 2843.3   1 9.600e-02      0.35 0.54  71.6   3      2     84     87 
    89    8.455   64.822  261.01     1.390     3.815 3126.3   1 1.024e-01      0.36 0.35 140.2   6     75     51     90      2     95     98 
    90   52.070   79.803  344.60     1.658     3.818 3098.5   2 7.040e-02      0.30 0.46 135.0   4     89      2     87     95 
    91  342.304  153.722  246.59     4.068     4.090 6300.0   1 2.624e-01      0.58 0.57  71.6   6      2     85     94     84    100    105 
    92  162.149   96.282  138.84     5.156     5.190 6949.0   2 3.181e+00      2.01 0.30  92.6  13      2     78     69     94    100    106    101    110    119    115    134    137    139 
    93   14.887  112.230  204.09    12.761     4.316 8224.6   1 3.712e-01      0.69 0.31  71.6   2     61     46 
    94  235.366  109.494  294.31     4.371     3.949 4097.2   2 7.040e-02      0.30 0.55  36.9   4     91      2     92    100 
    95    0.518   57.530   38.44     1.787     4.873 2431.0   2 1.530e+00      1.40 0.58  59.0   6     89     90     87     98    120    122 
    96  275.058  112.563  338.26    10.371     4.228 9260.0   1 3.392e-01      0.66 0.30  23.2   3     61    102    108 
    97  233.467  103.335  351.11     0.040     4.200 3665.3   2 5.120e-02      0.26 0.66  63.4   1     71 
    98  343.809  162.035  295.90     0.704     5.194 2316.7   2 1.645e+00      1.45 0.30 123.7  11     75     89     95     99     71    111    117    122    125    126    130 
    99  180.192  124.485  317.69     0.924     4.249 2425.7   2 5.760e-02      0.27 0.48 143.1   3     71     75     98 
   100  171.274   74.970  285.47     4.360     4.280 4178.0   2 5.120e-02      0.26 0.59  63.4   4     91     94     92    106 
   101  347.836   74.545   27.30     7.599     6.949 8797.4   2 9.293e+00      3.44 0.26  55.8  19     69     81     92    107    119    113    128    142    152    155    158    161    162    166    173    174    176    182    172 
   102  297.961   74.929  332.27    10.052     4.412 7341.3   2 2.176e-01      0.53 0.33  24.4   3     61     96    108 
   103    2.223   75.871   13.39    17.390     4.340 2948.2   2 5.120e-02      0.26 0.56  63.4   1     34 
   104  126.171  144.934  347.25    11.496     4.471 8965.7   2 1.088e-01      0.37 0.56  38.7   2     61    109 
   105  342.320  144.243  294.60     4.142     4.604 4418.4   2 5.760e-02      0.27 0.38 121.0   3     84     91    106 
   106   26.792   12.108   84.40     4.471     5.318 7799.3   2 6.912e-01      0.94 0.36  84.6   6    105     92    100     84    112    115 
   107  326.009   31.535   45.84     8.230     5.074 4426.2   1 6.592e-01      0.92 0.46 110.6   4     81     61    101    113 
   108  231.646   99.338  332.83    10.434     4.650 6411.5   2 1.984e-01      0.50 0.20   8.1   4     61    102     96    109 
   109  229.292   91.847  338.15    11.137     4.768 9643.4   2 2.368e-01      0.55 0.48 143.1   3     61    104    108 
   110  198.402   69.403  137.27     4.912     4.768 5344.5   1 3.200e-02      0.20 0.36  63.4   1     92 
   111  212.425   68.491  125.04     0.114     4.951 2486.1   2 1.664e-01      0.46 0.62  66.8   3     71     98    117 
   112   81.507   47.102   81.51     4.040     5.080 5937.8   2 3.840e-02      0.22 0.43 116.6   5     84    106    114    115    118 
   113   74.077   24.589   35.75     9.977     6.953 9813.1   2 8.691e+00      3.33 0.50  64.7   9    107     61    116    101    129    124    150    152    151 
   114  161.716   99.309  320.57     3.880     5.200 7422.1   2 3.840e-02      0.22 0.66  56.3   3     84    112    118 
   115  237.892   93.532  316.26     4.247     5.904 7219.9   2 3.520e-01      0.67 0.25  63.4   6    112    106    118     92    131    134 
   116   49.598   83.410   34.48    10.992     5.866 10401.7   2 1.446e+00      1.36 0.24  23.6   3     61    113    129 
   117  160.204   26.865  114.35     0.070     5.350 1251.9   1 5.120e-02      0.26 0.62 135.0   2    111     98 
   118  110.993   90.461  192.68     3.597     6.288 8631.8   2 1.440e+00      1.35 0.36 101.7   9     84    114    115    112    120    131    132    133    138 
   119  197.969   67.797  318.20     5.805     5.926 7486.2   1 7.936e-01      1.01 0.51 112.4   4     92    101    128    137 
   120  179.436   70.612  289.23     2.398     5.935 5275.3   2 1.293e+00      1.28 0.46 153.4   9     95     87     84    118    122    127    126    133    136 
   121  323.275  125.149    7.21    13.018     5.615 8184.4   2 7.040e-02      0.30 0.31  45.0   3     61    124    123 
   122  162.279   26.483   22.19     1.276     5.815 3626.2   1 3.520e-01      0.67 0.48 155.6   4     98     95    120    126 
   123  234.015   94.630  318.37    13.369     5.733 6041.1   2 5.760e-02      0.27 0.64  63.4   5     61     34     46    121    124 
   124  129.863   38.885  281.61    13.192     6.980 8574.4   2 3.322e+00      2.06 0.52 165.6   9     61    121    123     34    113    144    147    151    150 
   125  359.697   61.727   36.91     0.467     6.109 2844.4   2 1.216e-01      0.39 0.47 146.3   3     98    126    130 
   126  190.498  105.569  326.21     1.494     6.635 9528.3   2 1.318e+00      1.30 0.48  53.6   9    125     98    122    120    130    127    136    135    145 
   127  358.457   60.169   35.13     2.053     6.253 5454.2   2 7.680e-02      0.31 0.35 123.7   2    120    126 
   128  162.479   95.048  138.69     6.158     6.644 8894.4   2 4.672e-01      0.77 0.36  72.6   5    119    101    137    141    142 
   129  274.760  103.385   21.99    10.765     6.224 9428.8   2 1.600e-01      0.45 0.37  32.0   2    113    116 
   130  120.530   66.110  145.00     0.465     6.558 6968.9   2 5.248e-01      0.82 0.44  29.7   4     98    125    126    135 
   131  198.572   68.469  138.75     4.135     7.524 7286.4   1 1.382e+00      1.33 0.29 102.0   9    118    115    134    138    133    146    157    136    170 
   132  309.815   45.261  330.32     3.365     6.622 8627.5   1 2.816e-01      0.60 0.62 108.4   2    118    133 
   133  240.583   39.593   14.36     3.105     7.325 10216.8   2 1.171e+00      1.22 0.28  67.1   5    120    118    132    136    131 
   134   64.883   95.266    0.04     4.825     7.089 7853.1   1 5.312e-01      0.82 0.26  57.1   4    131    115     92    146 
   135  236.196  106.715  299.16     0.628     7.102 7904.8   2 7.552e-01      0.98 0.44  21.3   5    130    126    143    145    148 
   136   31.596   12.332  349.56     2.529     8.027 8862.3   2 2.374e+00      1.74 0.55  60.3   9    126    120    133    145    149    131    163    170    171 
   137  288.435   83.673  347.82     5.695     6.883 5074.5   2 1.984e-01      0.50 0.59  29.7   5     92    119    128    139    140 
   138   59.209  140.819   74.51     4.074     7.098 7602.2   2 1.600e-01      0.45 0.43 108.4   2    118    131 
   139   63.665    4.254  272.07     5.608     7.510 5448.8   1 4.736e-01      0.78 0.25  53.1   7     92    137    140    146    141    142    154 
   140   60.586   85.451   46.99     5.760     7.188 5537.3   2 8.320e-02      0.33 0.59  21.8   3    139    137    141 
   141   44.733   14.255  242.77     5.986     7.504 6862.5   2 2.176e-01      0.53 0.55  66.0   4    140    128    142    139 
   142  237.537   94.535  316.35     6.387     7.979 6303.0   2 6.464e-01      0.91 0.26  74.7   6    128    141    101    139    154    158 
   143   82.722  100.365  290.11     0.225     7.509 6787.2   2 1.344e-01      0.41 0.27  53.1   3    135    145    148 
   144  201.550   45.985   19.13    14.808     7.320 5797.2   2 1.280e-01      0.40 0.59 153.4   3    124     34    147 
   145  342.535  152.750  247.91     0.831     7.779 9202.5   1 1.030e+00      1.15 0.34 153.4   7    135    126    143    148    136    149    156 
   146  162.063   97.866  319.98     5.146     8.737 8792.0   2 2.656e+00      1.84 0.48  78.4  12    134    139    131    153    154    157    168    158    170    178    197    196 
   147  112.968   93.660  117.10    15.477     7.913 6750.0   2 2.170e+00      1.66 0.56  13.1   6     34    144    124    151    159    160 
   148  153.330   35.353  166.62     0.575     7.600 10011.3   2 1.024e-01      0.36 0.41 123.7   3    135    145    143 
   149  161.987   96.964  318.79     1.141     8.835 8237.5   2 2.061e+00      1.62 0.38 126.2   9    145    136    156    163    165    164    184    185    193 
   150  195.577  115.237  300.90    11.705     7.815 4745.7   1 8.320e-02      0.33 0.41 116.6   3    113    124    151 
   151  173.482   75.512  108.56    12.514     8.707 9127.3   2 5.453e+00      2.63 0.33 149.7  12    124    147    150    113    159    167    152    183    187    188    175    182 
   152  142.869   66.595   89.39     9.777     8.620 7730.6   2 1.190e+00      1.23 0.29  43.6   5    101    113    151    182    183 
   153   57.716    5.184  277.89     5.394     7.977 4668.0   1 4.480e-02      0.24 0.49  63.4   1    146 
   154  291.734   89.957  347.60     6.085     8.665 7074.6   2 7.232e-01      0.96 0.26  59.0   4    146    139    142    158 
   155  275.139  110.739  337.37     8.012     8.348 6754.4   1 1.280e-01      0.40 0.40  60.3   3    101    161    166 
   156   90.357   51.469  206.79     0.383     8.629 8143.1   1 5.824e-01      0.86 0.56  39.3   3    145    149    164 
   157   29.673   16.259  356.08     4.082     8.592 7260.7   2 2.880e-01      0.61 0.58  66.0   4    131    146    168    170 
   158  327.915  131.373  273.08     6.858     9.159 7483.5   2 1.498e+00      1.38 0.41 140.7  10    101    162    142    146    154    172    179    191    196    201 
   159  221.578  109.313  326.49    15.457     8.823 6226.4   2 1.907e+00      1.56 0.33  20.6   9    151    160    147    167     34    169    175    180    181 
   160  290.258   96.107   17.07    14.467     8.267 5106.1   1 3.840e-02      0.22 0.45  26.6   2    159    147 
   161  210.427  109.867  112.26     7.920     8.520 6072.4   2 3.840e-02      0.22 0.37  53.1   4    101    155    162    166 
   162   94.027   66.640   22.40     7.901     8.762 6066.2   1 1.088e-01      0.37 0.36  60.3   6    158    101    161    166    172    173 
   163  245.064   86.321   91.66     2.094     9.185 8471.8   1 4.864e-01      0.79 0.36  57.3   6    149    136    171    184    186    190 
   164  327.954  133.099  272.78     0.056     9.144 5484.3   2 1.472e-01      0.43 0.22  76.0   3    156    149    185 
   165  236.769   91.996  315.84     1.387     8.707 4639.5   2 3.840e-02      0.22 0.61  56.3   1    149 
   166   60.335   94.955   34.66     8.202     8.828 6101.7   2 1.088e-01      0.37 0.46  45.0   5    161    155    101    162    173 
   167  227.762  115.160   68.69    14.111     9.040 4312.3   2 5.184e-01      0.81 0.43 153.4   3    151    159    175 
   168   89.634   51.408   30.15     4.462     8.905 6538.6   1 8.320e-02      0.33 0.39  63.4   3    157    146    170 
   169   11.785  121.088   52.46    17.077     9.259 1513.9   2 9.408e-01      1.09 0.59  51.3   4     34    159    181    192 
   170   57.654  146.513  244.37     3.856     9.368 8093.0   2 1.670e+00      1.46 0.30  25.8  10    136    131    157    171    168    177    146    178    190    197 
   171  271.622  127.847  152.86     2.693     9.255 8774.2   1 3.648e-01      0.68 0.48  55.0   4    136    170    163    190 
   172   77.243   24.090  300.63     8.585     9.799 8473.9   2 1.715e+00      1.48 0.43  27.4  10    158    162    173    179    176    174    101    182    204    206 
   173   51.944   86.961   22.87     8.240     9.187 6518.6   2 2.688e-01      0.59 0.52  21.8   5    172    162    166    101    174 
   174  120.846   80.676  254.48     8.720     9.200 4331.6   2 4.480e-02      0.24 0.53  45.0   4    173    101    176    172 
   175  174.272  106.305  106.02    14.237     9.528 3611.9   2 6.208e-01      0.89 0.42 160.6   8    167    159    180    151    189    188    195    181 
   176  141.269   64.711   85.65     8.989     9.338 4066.7   2 7.040e-02      0.30 0.40  38.7   3    174    101    172 
   177  119.602  128.006  249.45     4.222     9.372 3868.6   2 8.320e-02      0.33 0.51  31.0   1    170 
   178   90.033   50.431   28.41     4.707     9.387 4901.9   1 3.840e-02      0.22 0.66 123.7   2    170    146 
   179  157.617  145.098  280.72     7.463     9.923 9206.7   2 7.872e-01      1.00 0.56  82.9   4    158    172    201    206 
   180  251.122   75.502  153.34    14.935     9.360 2270.1   1 8.320e-02      0.33 0.61  21.8   4    175    159    181    189 
   181   46.889   64.657   22.97    15.382     9.988 5360.4   2 2.330e+00      1.72 0.39 160.0  12    159    180    169    189    192    175    188    195    202    207    208    209 
   182  141.624  148.207  311.15    10.016     9.980 5918.0   1 6.464e-01      0.91 0.43 113.6   9    101    152    183    172    151    188    205    204    211 
   183  350.101   75.336   28.33    10.431     9.508 4690.6   2 8.320e-02      0.33 0.50  59.0   3    152    182    151 
   184  308.664   53.030   41.48     1.479     9.721 8599.1   2 2.624e-01      0.58 0.47 138.8   6    149    163    186    193    198    190 
   185   16.235  135.868   44.25     0.068     9.680 6043.4   2 8.320e-02      0.33 0.62  68.2   3    164    149    193 
   186   18.002  134.831  222.00     2.019     9.831 7431.9   2 3.264e-01      0.64 0.63 156.0   6    163    184    190    194    199    203 
   187  228.771  158.329  322.41    11.392     9.552 8842.2   1 3.200e-02      0.20 0.36 153.4   1    151 
   188  233.840  170.713  336.39    12.621    10.452 9943.2   2 5.197e+00      2.57 0.38  12.4   7    151    175    182    181    205    214    209 
   189  104.413   75.325  120.93    14.793     9.627 2637.3   2 7.680e-02      0.31 0.39 141.3   3    175    180    181 
   190  143.991   55.658  141.93     2.792    11.459 7761.6   2 8.787e+00      3.34 0.46 161.9  22    163    171    186    194    170    198    184    197    199    203    215    217    224    193    228    230    234    238    241    244    242    253 
   191  194.421   75.960  291.22     6.764     9.847 7386.3   2 1.408e-01      0.42 0.50  66.8   3    158    196    201 
   192    5.763  124.002  324.91    16.986    10.148  843.8   2 6.592e-01      0.92 0.52  50.2   5    181    169    208    209    213 
   193  315.537  131.199   40.89     0.537    12.368 9344.2   2 5.715e+00      2.70 0.37 100.3  10    185    149    184    198    210    190    238    254    263    266 
   194  293.543   90.063  307.54     2.449     9.932 6906.8   1 8.320e-02      0.33 0.50  59.0   3    186    190    199 
   195  282.402  103.869  326.65    14.331     9.846 3660.4   2 8.960e-02      0.34 0.53 149.0   2    175    181 
   196  211.646   44.239  128.68     6.308     9.986 8155.6   2 2.176e-01      0.53 0.32  20.0   6    146    158    197    191    200    201 
   197  284.116   89.797  350.82     5.485    11.418 9274.3   2 4.838e+00      2.48 0.29  29.6  14    170    146    196    190    200    201    216    220    224    223    230    231    233    232 
   198  140.293  123.704  145.53     1.193    10.771 6612.4   2 5.952e-01      0.87 0.34 110.2   5    193    184    190    210    217 
   199   12.803    9.532    0.52     2.667    10.347 5164.3   2 3.072e-01      0.63 0.25  26.6   4    186    194    203    190 
   200  292.851   89.635   37.10     6.480    10.183 6747.9   1 4.480e-02      0.24 0.69  33.7   3    196    197    201 
   201  288.666   98.237  172.69     6.871    10.596 9315.5   2 8.768e-01      1.06 0.38  12.8  13    196    191    179    158    200    197    206    216    204    220    221    222    218 
   202   50.054   61.710   19.16    15.794    10.507 4881.6   2 3.456e-01      0.66 0.20 158.7   5    181    208    207    212    209 
   203  292.850   90.548   37.77     2.220    10.310 4743.1   1 5.120e-02      0.26 0.43  36.9   3    190    186    199 
   204  176.137  110.075  328.52     8.638    10.739 7785.8   2 1.402e+00      1.34 0.45 156.5  12    172    182    206    211    214    201    218    219    223    225    226    227 
   205  222.195   96.969  310.80    10.480    10.591 6604.3   2 4.800e-01      0.78 0.44  19.7   4    182    188    211    214 
   206  270.081  111.592  333.76     7.800    10.536 5828.4   1 1.280e-01      0.40 0.52 146.3   4    179    172    204    201 
   207  249.565   76.090  152.23    15.280    10.471 5295.6   1 1.664e-01      0.46 0.32 150.9   3    181    202    209 
   208  284.384  102.741  325.51    16.407    10.420 2338.8   2 7.680e-02      0.31 0.38 141.3   5    202    181    192    209    212 
   209  226.874  127.299  325.61    14.644    13.299 7750.2   2 2.024e+01      5.08 0.27 146.6  22    208    192    212    213    202    181    207    188    214    237    236    239    240    246    249    252    262    264    265    274    275    276 
   210   78.043  129.278  233.22     0.924    10.705 5399.9   2 7.040e-02      0.30 0.34 128.7   2    193    198 
   211  140.061   36.976  263.21     9.824    10.640 3749.3   2 6.400e-02      0.29 0.69 153.4   4    182    205    204    214 
   212    8.065  164.531  193.58    16.246    10.652 3392.2   2 8.320e-02      0.33 0.33 156.8   3    208    209    202 
   213   36.097  112.365   34.10    16.665    11.236 5087.1   2 1.114e+00      1.19 0.26 136.4   2    192    209 
   214  116.228   77.598  137.76    11.149    11.530 9113.8   2 4.250e+00      2.33 0.33   9.1   9    204    211    205    188    219    225    209    235    236 
   215   29.989  139.853   52.91     3.636    10.909 6749.3   2 7.040e-02      0.30 0.27  33.7   1    190 
   216  151.617   60.807  132.21     6.412    10.900 7024.9   2 1.280e-01      0.40 0.48  15.9   3    197    201    220 
   217   78.768  130.052   52.35     1.320    10.960 6069.4   2 3.840e-02      0.22 0.66  56.3   2    198    190 
   218  265.918   53.093  321.94     7.688    11.024 8016.7   2 6.400e-02      0.29 0.51 126.9   4    201    204    222    223 
   219   14.597  110.537  202.10     9.080    11.020 5220.4   1 5.120e-02      0.26 0.33 135.0   3    204    214    225 
   220  292.926   89.300   36.52     6.703    11.189 7181.1   1 1.792e-01      0.48 0.59  66.8   5    216    201    221    197    223 
   221   33.031   50.808   36.92     7.077    11.071 7781.3   2 8.320e-02      0.33 0.51 135.0   4    201    222    220    223 
   222  285.863   75.478   21.73     7.400    11.000 8544.5   1 5.120e-02      0.26 0.59  26.6   4    221    201    218    223 
   223  290.390   97.414  351.48     7.205    11.443 8384.1   2 7.616e-01      0.98 0.34 166.6   9    221    222    218    204    220    197    226    229    231 
   224  182.798   82.147  138.05     5.448    11.360 5676.2   1 1.280e-01      0.40 0.41  39.8   2    197    190 
   225  232.986  170.415   63.34     9.645    11.829 8346.8   2 1.114e+00      1.19 0.24  28.2   6    204    219    214    227    226    235 
   226  221.594   94.739  309.76     9.331    12.576 9153.1   2 4.045e+00      2.27 0.52  23.2  14    204    223    227    225    229    232    235    233    236    243    245    248    250    251 
   227    5.769   52.344  336.97     8.568    11.424 5866.3   1 6.400e-02      0.29 0.51 126.9   3    204    225    226 
   228  292.523   89.813   37.09     3.210    12.182 7790.4   1 6.592e-01      0.92 0.58  23.6   4    190    230    234    242 
   229   35.905    9.401  337.88     7.631    11.940 7782.7   2 3.648e-01      0.68 0.50  35.0   4    223    231    226    232 
   230  224.537  122.358  336.69     4.117    12.351 8033.5   2 9.280e-01      1.09 0.37  34.4   5    228    190    197    242    233 
   231   21.516  144.796  178.98     7.151    11.958 6652.1   1 1.472e-01      0.43 0.40  45.0   4    197    223    229    232 
   232  331.539   67.795  305.56     7.668    12.392 6165.5   2 1.280e-01      0.40 0.23  56.3   5    231    229    197    226    233 
   233   33.540  149.257   53.13     4.693    14.717 8972.1   2 1.642e+01      4.57 0.39 155.7  19    197    232    230    226    242    243    247    255    256    258    259    260    261    268    270    271    267    273    269 
   234   79.687   57.911  328.40     2.699    12.604 6804.8   2 1.728e-01      0.47 0.35  53.1   2    190    228 
   235  152.333   40.885  115.53    11.225    12.467 7627.9   1 1.216e-01      0.39 0.44  23.2   4    214    225    226    236 
   236   35.022  110.064   32.74     9.668    14.914 8838.2   2 6.202e+00      2.81 0.15 136.7   9    214    209    235    226    252    251    262    267    284 
   237  264.941   92.475   13.06    16.432    12.384 3783.0   2 3.200e-02      0.20 0.53 123.7   1    209 
   238  329.216   59.896  305.75     1.621    13.392 7294.4   2 1.062e+00      1.16 0.35  46.6   4    193    190    253    254 
   239   36.387  113.292  212.40    15.216    12.775 4408.3   2 2.880e-01      0.61 0.34 151.4   2    209    246 
   240  291.768  121.098   63.22    16.175    12.669 4055.3   2 7.040e-02      0.30 0.46 149.0   1    209 
   241  292.893   89.772   36.29     2.208    12.816 9304.0   1 3.200e-02      0.20 0.53 123.7   1    190 
   242   72.034   72.321  154.98     3.771    13.265 6856.3   2 1.197e+00      1.23 0.31 148.0   7    228    230    190    233    244    255    253 
   243   12.464   62.218   15.39     8.252    13.395 4499.4   2 3.776e-01      0.69 0.32  63.4   5    233    226    245    247    256 
   244  294.388   90.061   37.12     3.184    13.125 9004.0   1 9.600e-02      0.35 0.57  59.0   2    190    242 
   245  161.186   88.417  289.82     8.758    13.500 5456.6   2 6.144e-01      0.88 0.49  55.3   5    243    226    250    251    256 
   246   76.259   88.985  212.04    15.026    13.713 6666.1   1 1.626e+00      1.44 0.44 145.7   4    209    239    249    262 
   247   20.473  142.407  356.43     7.857    13.677 4444.9   1 1.472e-01      0.43 0.40 125.5   2    233    243 
   248   51.949   70.629  134.55     9.636    13.535 3837.2   2 7.040e-02      0.30 0.56 158.2   3    226    250    251 
   249  338.625   40.471   50.41    14.252    13.594 7499.1   2 8.320e-02      0.33 0.50 149.0   2    209    246 
   250  183.631  128.329  292.12     9.320    13.674 4085.9   1 8.960e-02      0.34 0.53 121.0   4    226    248    245    251 
   251  311.384  163.183   58.67     9.235    14.280 6491.8   2 1.318e+00      1.30 0.31 139.2   8    248    226    236    250    245    256    261    267 
   252   74.416   87.472  213.77    11.624    13.712 5878.1   1 6.400e-02      0.29 0.41 135.0   2    236    209 
   253   24.457   52.808  178.24     2.406    14.025 5822.0   1 2.688e-01      0.59 0.55 158.2   6    238    190    254    242    257    255 
   254   34.179  147.480   51.36     1.476    14.907 7617.9   2 1.171e+00      1.22 0.26 122.2   8    238    253    193    257    263    255    273    269 
   255   76.068  117.913  216.28     2.540    14.633 7313.4   2 4.864e-01      0.79 0.11 140.2   6    242    233    253    257    254    273 
   256  202.843   61.392  290.33     8.488    14.195 4044.6   2 1.920e-01      0.49 0.54 125.5   5    233    243    245    251    261 
   257   72.131   14.448   38.89     2.256    14.557 8287.2   2 3.264e-01      0.64 0.33 120.3   3    253    254    255 
   258  244.502  163.767  135.21     7.363    14.353 3051.4   2 1.536e-01      0.44 0.48 129.8   2    233    260 
   259  203.489   36.740  359.92     5.272    14.440 8597.4   1 6.400e-02      0.29 0.40 149.0   2    233    260 
   260   72.519   13.976  309.50     5.317    16.131 8016.0   2 7.878e+00      3.17 0.31 147.5  11    259    233    258    268    270    271    267    280    284    288    289 
   261  248.235  162.675  137.27     8.197    14.847 5542.2   2 2.496e-01      0.56 0.39 116.6   4    233    256    251    267 
   262  262.506   93.259   13.65    12.767    16.352 8775.7   2 1.805e+01      4.79 0.17 174.1  17    209    246    265    236    264    272    274    277    278    279    276    281    282    285    287    290    284 
   263  293.159   88.301  309.00     0.800    15.079 8663.8   1 7.488e-01      0.98 0.58 137.5   4    193    254    266    269 
   264  174.278  100.654  273.62    12.933    14.773 8438.7   2 5.760e-02      0.27 0.47 126.9   2    209    262 
   265   81.599   79.996  168.09    15.954    14.743 9324.8   2 4.480e-02      0.24 0.49 116.6   2    262    209 
   266  318.238   60.064  320.62     0.114    15.086 7240.9   2 1.216e-01      0.39 0.48  56.3   3    193    263    269 
   267  260.547   82.435   15.81     7.739    15.881 7067.7   2 8.896e-01      1.06 0.15 129.2   7    261    251    236    233    271    260    284 
   268  200.791   37.181    2.39     5.989    15.029 6833.3   1 4.480e-02      0.24 0.29 149.0   2    233    260 
   269  253.746  144.591  303.33     0.592    16.571 6898.1   2 1.824e+00      1.52 0.37  54.5   7    266    263    254    273    233    283    286 
   270  202.284  126.732   91.58     6.400    15.440 6201.7   1 4.480e-02      0.24 0.53 135.0   2    260    233 
   271   92.553   23.343  336.91     7.399    15.705 6260.0   1 2.496e-01      0.56 0.22 143.1   3    233    267    260 
   272   44.378   57.663   36.49    14.775    15.594 6534.2   2 1.664e-01      0.46 0.37 148.0   1    262 
   273  205.129  128.389   92.34     1.259    15.755 9463.5   1 2.240e-01      0.53 0.26 144.0   4    254    255    233    269 
   274   75.272   89.155  212.40    10.043    15.877 7480.3   1 8.320e-02      0.33 0.38 135.0   2    262    209 
   275   79.428   81.746  167.23    17.253    15.862 6439.3   2 1.152e-01      0.38 0.42  15.9   2    209    276 
   276  301.374  104.005  335.34    16.652    16.382 9416.7   2 9.856e-01      1.12 0.35 154.5   4    209    275    262    279 
   277  345.251  125.792    0.01    13.830    16.130 5071.8   1 5.120e-02      0.26 0.40 126.9   2    262    278 
   278   36.069  113.436  214.44    13.516    16.223 6094.2   2 1.216e-01      0.39 0.48 146.3   4    262    277    281    282 
   279  255.956   88.872  328.46    16.000    16.297 5699.6   1 4.480e-02      0.24 0.37 126.9   2    262    276 
   280  333.096   73.243   22.97     5.794    16.389 4773.1   2 4.480e-02      0.24 0.38 143.1   1    260 
   281  345.320   31.610  271.60    13.076    16.600 6412.3   1 2.816e-01      0.60 0.42 142.1   3    262    278    282 
   282   85.383   89.418  165.96    13.343    16.751 6924.6   2 1.792e-01      0.48 0.27 141.3   3    281    278    262 
   283  176.456   89.813  130.42     0.216    16.839 7461.7   1 2.368e-01      0.55 0.57 108.4   2    269    286 
   284  257.204   95.104   17.29     6.371    17.245 6378.0   2 2.816e-01      0.60 0.39 147.5   5    260    267    236    289    262 
   285  157.490   62.834  142.32    10.756    17.129 7410.8   2 5.760e-02      0.27 0.37 135.0   1    262 
   286  279.867  142.386  145.89     0.080    17.280 7106.3   2 9.600e-02      0.35 0.60  59.0   2    283    269 
   287  168.956  148.669  271.27    11.675    17.295 7157.0   1 1.024e-01      0.36 0.30  29.7   2    262    290 
   288  158.162  108.830  332.64     5.140    17.370 4142.6   2 1.024e-01      0.36 0.54  26.6   1    260 
   289   91.831   21.468  157.23     5.736    17.376 5885.5   1 6.400e-02      0.29 0.59 143.1   2    260    284 
   290  298.648  111.238  327.39    12.027    17.387 7222.9   2 5.760e-02      0.27 0.54  36.9   2    287    262 
