     1  306.322  116.498  316.31     2.370     0.797 8704.3   2 4.416e+00      2.37 0.26  22.5  14      2     23      3     32     33     40     41     51     19     52     56     59     61     67 
     2  191.023  131.270  150.06     2.905     0.229 8743.5   2 2.816e-01      0.60 0.44  37.9   4      1      3     32     33 
     3  240.098  124.823  312.13     4.234     0.521 8611.7   2 1.491e+00      1.38 0.37  34.2   6      2      4      1     33     34     19 
     4    9.407   50.383   31.89     4.851     0.187 7423.3   2 2.304e-01      0.54 0.40  37.9   4      3      5     19     34 
     5   61.991   55.123  314.88     5.088     0.064 5906.1   2 3.200e-02      0.20 0.53  56.3   2      4      6 
     6   54.170  130.815  213.44     6.123     1.264 8260.2   2 1.165e+00      1.22 0.20  54.1  11      5      7     19     16     35     48     49     31     57     63     69 
     7   62.606   57.880  315.34     6.012     0.183 7265.6   2 2.880e-01      0.61 0.38  24.4   5      6      8     16     24     35 
     8  309.274  110.759  320.79     8.054     0.418 8212.0   2 2.790e+00      1.88 0.18 177.9  10      7      9     25     27     24     30     31     42     35     48 
     9  109.382  141.428   20.16    10.790     0.268 8913.8   2 7.552e-01      0.98 0.29 157.4   7      8     10     17     27     36     37     43 
    10   80.845   45.379  152.48    11.933     0.120 7642.8   1 7.680e-02      0.31 0.45 149.0   3      9     11     20 
    11  184.014   78.886  143.01    12.821     0.104 7812.9   2 4.096e-01      0.72 0.18   2.7   4     10     12     17     28 
    12  260.808  135.189   26.73    13.931     0.080 8185.4   1 1.408e-01      0.42 0.26 163.3   5     11     13     18     17     21 
    13    4.932   97.543   35.77    15.067     0.230 9310.1   2 9.344e-01      1.09 0.34 170.5   7     12     14     22     21     29     17     38 
    14   44.489   81.833  207.11    16.170     0.070 7220.6   1 5.120e-02      0.26 0.62  45.0   3     13     15     22 
    15  184.469   74.098  145.71    16.883     0.146 10410.1   2 4.416e-01      0.75 0.42  18.4   3     14     22     26 
    16  168.537   94.867   97.12     5.813     0.477 8268.2   2 1.536e-01      0.44 0.30  60.9   3      6      7     35 
    17  314.712  163.095   90.90    12.456     1.356 9550.3   2 8.198e+00      3.23 0.24   3.3  28     11     12      9     20     18     28     21     37     13     38     44     27     43     36     45     46     31     22     50     53     55     58     62     64     65     66     68     57 
    18  358.341   95.622   29.36    13.840     0.292 9174.2   2 1.088e-01      0.37 0.51  26.6   3     12     17     21 
    19   61.918   57.231  313.85     5.609     2.076 9228.5   2 2.682e+00      1.85 0.37  68.5  10      4      6     34      1      3     67     69     80     81     98 
    20  180.484   84.137  150.06    11.905     0.530 9867.0   2 2.048e-01      0.51 0.46 114.0   2     10     17 
    21  226.087   99.344  330.18    14.177     0.546 6428.5   1 1.472e-01      0.43 0.32  78.7   4     18     12     13     17 
    22    0.190   94.900   27.08    16.270     1.359 9681.8   2 3.027e+00      1.96 0.44  31.0  12     13     14     15     26     29     38     44     17     47     54     60     68 
    23  196.731  134.032  330.52     0.486     1.934 8791.0   2 2.202e+00      1.67 0.32  71.1   5      1     40     75     78     89 
    24  257.850   81.032    4.46     6.367     0.504 5423.8   2 1.088e-01      0.37 0.43  33.7   3      7      8     35 
    25  262.013  132.521   27.23     8.168     0.412 6703.0   1 1.280e-01      0.40 0.22 169.7   2      8     30 
    26  236.408   55.358   65.08    17.022     0.714 8909.9   2 7.168e-01      0.96 0.64  33.7   3     15     22     47 
    27  359.847   95.044   26.98     9.633     0.798 10763.1   2 8.000e-01      1.01 0.52  40.2   6      8      9     31     39     43     17 
    28  225.483   99.356  330.49    12.709     0.537 7988.2   1 8.960e-02      0.34 0.44 141.3   2     17     11 
    29  295.071   36.734  333.82    15.573     0.500 7753.3   2 7.680e-02      0.31 0.66 143.1   3     13     22     38 
    30  224.685   97.817  333.34     8.423     0.571 7699.1   1 1.344e-01      0.41 0.39 167.5   3     25     31      8 
    31   52.236   86.867  163.06     8.266     1.299 8060.3   2 1.024e+00      1.14 0.25 169.7  10     30      8     27     39     17     50     48      6     49     57 
    32  256.965   89.844  359.49     3.010     0.620 6714.7   2 5.120e-02      0.26 0.53  26.6   3      1      2     33 
    33   87.963   85.724  180.29     3.272     0.766 7911.5   2 1.216e-01      0.39 0.54  63.4   4     32      2      1      3 
    34  351.569  132.381  262.97     5.266     1.079 6993.8   1 3.968e-01      0.71 0.38  61.7   3      3      4     19 
    35  267.336   84.397   47.41     6.308     0.907 8401.7   1 3.776e-01      0.69 0.56  45.0   6     16      7     24      8      6     42 
    36    0.168   95.252  296.88    10.602     0.951 8879.6   2 2.816e-01      0.60 0.27  56.3   4      9     37     43     17 
    37  318.077  118.185    9.56    10.934     1.000 8272.9   1 2.176e-01      0.53 0.30  51.3   3     36      9     17 
    38  311.920  110.074  323.21    15.197     0.689 7140.0   2 1.984e-01      0.50 0.36  10.3   5     13     29     17     44     22 
    39  182.947   81.165  326.61     8.973     0.833 8562.7   2 7.680e-02      0.31 0.47 121.0   2     31     27 
    40  306.121   51.564  316.20     1.913     1.844 9626.5   2 3.373e+00      2.07 0.37  38.2  11      1     41     23     56     59     70     71     75     76     83     90 
    41  177.070   51.656    7.16     1.536     0.768 8050.1   1 3.200e-02      0.20 0.53 146.3   2      1     40 
    42  119.363  152.135  342.77     7.107     1.015 7258.9   1 3.264e-01      0.64 0.44  22.6   3      8     35     48 
    43  320.544  117.811   11.48    10.288     0.816 6418.6   1 3.200e-02      0.20 0.53 123.7   4      9     36     27     17 
    44  318.989  117.155   11.06    14.975     0.967 9376.9   1 7.040e-02      0.30 0.53  68.2   3     38     17     22 
    45  318.914  118.397    9.84    12.696     1.725 7546.4   1 3.200e-01      0.64 0.35  74.1   4     17     46     55     65 
    46  358.648   95.320   28.56    12.868     1.298 8626.2   2 8.320e-02      0.33 0.41  74.1   3     17     45     55 
    47  223.916   98.317  331.49    17.408     1.136 8399.3   1 3.200e-02      0.20 0.57 123.7   2     26     22 
    48   86.505   56.216   14.54     7.205     1.335 8007.1   2 2.816e-01      0.60 0.25  11.3   5      6     42     49      8     31 
    49  118.494  151.859  341.94     6.789     1.463 5365.2   1 4.480e-02      0.24 0.52  45.0   3      6     48     31 
    50  183.912   79.809  326.37     8.640     1.787 7570.0   2 7.552e-01      0.98 0.48 160.7   4     31     17     57     62 
    51  313.347  169.547   50.05     4.074     2.440 8381.6   2 7.616e-01      0.98 0.23  74.4   9      1     52     59     61     72     79     76    101    104 
    52   13.747   48.487   33.52     4.016     1.584 5068.7   2 3.200e-02      0.20 0.39  45.0   2     51      1 
    53  100.360  149.863  282.57    14.295     1.695 9095.0   2 1.024e-01      0.36 0.43  56.3   1     17 
    54   39.942   89.318  345.45    16.360     1.640 8329.9   2 3.840e-02      0.22 0.43  63.4   2     22     60 
    55  267.412  123.419   79.60    12.977     1.743 6325.2   2 8.960e-02      0.34 0.56  31.0   4     45     46     17     65 
    56  326.915  175.517   61.88     3.020     1.876 8373.0   2 1.280e-01      0.40 0.42  60.3   3     40      1     59 
    57  309.457  110.668   51.30     9.505     2.653 7718.4   2 4.992e+00      2.52 0.15   8.7  24      6     31     50     63     17     62     64     65     69     66     82     81     84     85     86     87     91     92     93     94     95     99    100    102 
    58  103.506  146.563  284.06     9.981     1.930 7791.4   2 1.600e-01      0.45 0.46  20.6   1     17 
    59   92.259   95.463   40.31     3.572     2.327 8870.8   1 5.760e-01      0.86 0.46  57.3   5     56      1     51     40     76 
    60  223.177   98.476  331.85    16.601     2.064 7463.5   1 2.240e-01      0.53 0.51  40.6   3     22     54     68 
    61   18.782   46.854   27.74     4.351     2.169 6348.3   2 1.152e-01      0.38 0.37  60.3   4     51      1     67     72 
    62  318.672  115.939   10.60     9.230     1.990 6467.2   1 5.120e-02      0.26 0.52 126.9   3     50     17     57 
    63  261.896  123.076  159.72     6.970     2.160 5768.4   2 5.120e-02      0.26 0.46 101.3   3      6     57     69 
    64   85.973   54.993   13.72    11.300     2.196 8248.5   2 4.672e-01      0.77 0.19 172.6   3     17     65     57 
    65  260.091  133.707   26.87    12.613     2.362 8081.7   1 5.696e-01      0.85 0.39 173.3   6     45     17     55     64     66     57 
    66    4.157  101.166   36.68    14.894     2.976 9977.9   2 3.763e+00      2.19 0.20   9.8  12     17     65     68     57     73     77     87     88     74     96    107    108 
    67  351.402  132.596  263.71     4.962     2.603 6293.6   1 2.880e-01      0.61 0.64  32.5   5     61     19      1     72     80 
    68  141.338  110.023  262.94    16.484     2.529 9658.0   2 1.114e+00      1.19 0.21  12.0   8     17     22     66     60     73     74     77     96 
    69   49.759  122.526  218.75     6.787     2.502 6259.7   2 1.152e-01      0.38 0.54 116.6   5     19      6     63     57     81 
    70    7.745  133.526  313.72     2.523     2.978 8509.5   2 7.360e-01      0.97 0.38  45.0   5     40     71     90    103    109 
    71   56.309  130.048  206.43     3.142     2.916 8070.9   2 3.456e-01      0.66 0.30  53.1   5     40     70     76     97    103 
    72   52.268  131.745  210.71     4.594     2.714 6245.0   2 8.960e-02      0.34 0.27  60.3   4     51     67     61     79 
    73   11.200   97.578  314.69    15.416     2.720 8544.9   2 1.728e-01      0.47 0.52 119.7   4     68     66     74     88 
    74  142.240  104.583   88.25    15.820     2.788 7219.8   2 1.280e-01      0.40 0.47  23.2   5     73     68     88     77     66 
    75   90.377   95.733   38.26     1.117     2.952 7235.0   1 1.920e-01      0.49 0.50 125.5   4     23     40     83     89 
    76   84.104   90.540  176.98     3.620     2.925 7392.9   2 1.024e-01      0.36 0.35  39.8   6     40     59     71     97     51    101 
    77  127.360   67.375  131.53    16.320     2.800 8497.1   2 9.600e-02      0.35 0.60  31.0   3     68     74     66 
    78  313.500  102.582   70.66     0.120     2.880 6729.3   2 6.400e-02      0.29 0.54  36.9   2     23     89 
    79  284.514  172.418   27.44     4.513     3.079 8534.4   2 1.728e-01      0.47 0.62  66.8   4     51     72     80    104 
    80  269.467  166.427  185.33     5.239     3.753 9527.2   2 2.202e+00      1.67 0.57 109.1  11     67     19     79     98    104    110    119    124    115    127    129 
    81  187.072   87.894  278.02     6.708     3.171 7057.3   2 2.496e-01      0.56 0.50 111.8   7     19     69     57     98     91    106    111 
    82  260.965  132.659   26.07     8.573     2.918 6078.5   1 1.216e-01      0.39 0.35  14.0   2     57     91 
    83  106.119   15.283  342.48     1.529     3.167 7504.5   2 2.752e-01      0.59 0.36 166.0   4     75     40     90     89 
    84  253.282  127.488   68.95    10.904     3.020 6536.5   2 1.280e-01      0.40 0.64  63.4   4     57     93     94     85 
    85  129.611   71.295  127.45    11.275     3.159 5317.5   2 2.112e-01      0.52 0.43 147.5   6     57     95     94     84    102     93 
    86  284.654   40.703  334.51    11.966     3.019 5779.7   2 1.216e-01      0.39 0.45  33.7   4     57     95    100    102 
    87  331.458   71.332   47.31    13.045     3.994 7362.8   1 1.504e+00      1.38 0.43 105.9   6     57     66    100    102    107    123 
    88  260.835  134.697   25.57    15.591     3.013 7518.6   1 5.760e-02      0.27 0.64 116.6   3     73     74     66 
    89  232.491   71.627  350.83     1.464     3.739 7963.7   2 1.965e+00      1.58 0.16  25.6  12     78     23     75     83    105     90    113    109    112    118    122    115 
    90  187.704  140.950   97.66     2.069     3.364 7630.5   1 3.840e-01      0.70 0.60  79.7   5     40     70     83     89    109 
    91    3.511  102.396   36.75     8.073     3.306 8627.8   2 1.382e+00      1.33 0.25 169.7   6     57     82     92     81    111    102 
    92  222.881   49.705  119.17     9.530     3.030 6413.2   1 5.120e-02      0.26 0.47  11.3   3     57     91     99 
    93  123.923   73.040   32.10    10.680     3.175 5734.6   2 1.024e-01      0.36 0.50  71.6   4     57     84     85    102 
    94   45.479  120.746  200.20    11.177     3.040 5548.7   2 4.480e-02      0.24 0.76  33.7   3     84     57     85 
    95  262.443  131.427   28.10    11.649     3.071 6499.9   1 8.320e-02      0.33 0.64 143.1   4     85     57     86    102 
    96    4.666   99.844   35.95    17.280     2.960 10791.3   1 3.200e-02      0.20 0.37  11.3   2     66     68 
    97   85.318   97.684   81.92     3.573     3.227 7799.8   2 9.600e-02      0.35 0.56  59.0   4     71     76    101    103 
    98  171.173   47.628    7.11     6.135     3.364 5790.9   1 2.816e-01      0.60 0.40 122.5   5     80     19     81    106    110 
    99  287.205   40.635   64.02     9.853     3.093 5979.7   2 3.840e-02      0.22 0.61  33.7   2     92     57 
   100    4.115   99.981  306.05    12.588     3.202 6930.8   2 2.752e-01      0.59 0.42  10.3   4     86     57     87    102 
   101  200.070  133.995  333.75     3.903     3.284 7078.1   2 1.216e-01      0.39 0.47  45.0   5     97     76     51    103    104 
   102  233.834   95.348   21.15     9.963     4.076 8786.5   2 5.888e+00      2.74 0.24 166.5  12     95     86    100     85     57     93     87     91    111    114    123    126 
   103  272.771   84.841   50.23     3.437     3.546 8380.9   1 3.584e-01      0.68 0.45   8.7   7     70     71     97    101    109    104    112 
   104   86.273   94.449  133.41     4.262     3.847 8301.0   1 7.744e-01      0.99 0.59 124.7   8     51     79     80    101    103    112    116    115 
   105  207.329  150.611  113.74     0.487     3.527 7597.8   1 7.040e-02      0.30 0.47 161.6   1     89 
   106  106.413   15.092  163.83     6.400     3.584 6312.2   2 6.400e-02      0.29 0.69  63.4   4     98     81    110    111 
   107  157.207   18.068   75.74    15.357     3.844 8309.5   2 2.330e+00      1.72 0.23   6.5   7     66    108     87    117    120    121    123 
   108  331.780   71.792   47.36    17.204     3.543 8137.7   1 1.344e-01      0.41 0.39 167.5   2     66    107 
   109  287.795  166.196  198.38     2.529     3.640 7580.0   2 1.152e-01      0.38 0.30 153.4   5     90     70    103    112     89 
   110   60.032   54.906  317.74     6.204     3.915 5270.8   2 2.816e-01      0.60 0.35  61.4   5     98    106    111     80    119 
   111  353.096   50.240  224.08     6.374     4.288 6584.9   2 7.616e-01      0.98 0.34 129.5  11     81     91    106    102    110    114    119    124    126    127    129 
   112   51.404  110.832   23.90     3.000     3.796 7332.5   2 2.560e-01      0.57 0.22   3.6   6    109    103     89    115    116    104 
   113   28.946   29.599  245.59     0.711     4.077 6937.3   1 5.184e-01      0.81 0.35  26.6   2     89    118 
   114  128.938   69.257  130.83     7.879     4.041 7069.4   2 8.896e-01      1.06 0.23 166.0   2    102    111 
   115  308.629   63.156  297.92     3.768     4.312 6682.0   2 6.464e-01      0.91 0.24  22.2   7    112    116    104     89    122     80    129 
   116  317.413   90.913    6.19     3.520     3.920 8267.1   1 3.200e-02      0.20 0.37  11.3   3    115    112    104 
   117   17.456   45.679   30.92    13.646     3.931 6736.3   2 4.480e-02      0.24 0.34   9.5   1    107 
   118  353.006  122.866  296.95     1.125     5.228 7956.7   2 4.589e+00      2.42 0.48  34.0   7    113     89    122    136    134    139    140 
   119  171.738   47.570    5.07     5.954     4.217 4402.9   1 4.480e-02      0.24 0.49  63.4   4     80    110    124    111 
   120  261.070  135.543   25.20    15.275     4.238 8204.6   1 4.224e-01      0.73 0.39 168.7   4    107    123    121    125 
   121  286.721   50.619   79.38    16.659     4.284 7249.2   2 5.888e-01      0.87 0.30 171.9   3    107    120    125 
   122  133.087   26.194  142.19     3.299     5.035 9850.7   2 2.694e+00      1.85 0.28  24.2   9    118     89    115    130    131    134    135    137    138 
   123  128.351   67.887  130.60    12.126     5.670 9069.6   2 2.260e+01      5.36 0.28   8.8  20    107    120     87    102    125    128    126    129    133    132    143    144    147    151    155    156    157    159    161    162 
   124  136.888    3.365  209.83     5.766     4.411 5604.1   2 8.960e-02      0.34 0.53 121.0   4     80    119    111    127 
   125   54.261   83.449  159.29    16.401     4.543 6172.1   2 3.904e-01      0.71 0.17 173.2   4    120    121    123    128 
   126   57.949   55.733   48.22     6.544     4.781 5892.2   2 1.600e-01      0.45 0.55  76.0   4    111    102    129    123 
   127  179.751   52.418  134.51     5.480     4.680 3817.0   2 8.960e-02      0.34 0.57 135.0   4     80    124    111    129 
   128  332.509   71.521   47.15    17.150     4.757 4835.2   1 1.536e-01      0.44 0.32  16.7   2    125    123 
   129  193.671  143.271  333.41     5.652     5.016 5030.5   2 6.720e-01      0.92 0.15  11.3  10    115    130     80    127    111    131    126    132    123    133 
   130  353.328  122.735  296.78     4.533     4.970 5578.6   2 1.536e-01      0.44 0.49  39.8   3    122    129    131 
   131  283.567   83.744   14.44     4.921     5.250 5328.1   2 1.728e-01      0.47 0.58  66.8   4    130    129    132    122 
   132  356.779  110.256  300.56     3.532     8.529 9416.5   2 1.693e+01      4.64 0.20 131.3  39    129    131    133    135    123    138    141    146    148    147    142    150    158    140    149    164    145    165    169    170    166    180    185    184    189    188    136    200    201    212    218    227    190    231    236    241    255    256    265 
   133  182.506   72.427  143.52     6.768     5.555 7834.1   2 1.600e-01      0.45 0.60 123.7   3    123    132    129 
   134  182.869   70.311  324.11     3.165     5.864 6889.8   2 2.816e-01      0.60 0.48 131.2   4    122    118    137    140 
   135  102.263  105.452   74.86     4.790     5.850 6853.1   2 1.024e-01      0.36 0.36 113.2   3    122    132    138 
   136  199.337  104.100  282.24     0.824     8.083 5171.8   2 5.261e+00      2.59 0.17 111.7  15    118    140    139    154    160    166    171    175    179    184    188    132    200    209    265 
   137   96.619  100.854   27.20     3.842     5.904 7170.4   1 2.304e-01      0.54 0.50 161.6   4    122    138    134    140 
   138   12.109   74.447  357.07     4.423     6.023 8578.2   2 3.136e-01      0.63 0.50  56.3   7    137    122    135    140    132    141    142 
   139  174.741   67.522  331.63     1.262     6.509 6134.4   2 8.448e-01      1.04 0.47 119.4   3    118    136    160 
   140  315.193   47.876  310.52     3.211     6.570 7785.7   2 1.510e+00      1.39 0.34 161.0  10    134    137    136    118    138    145    142    149    132    166 
   141  178.958   70.468  326.47     4.790     6.470 7018.5   2 5.120e-02      0.26 0.60 135.0   3    138    132    142 
   142   76.152   58.787   68.23     4.649     6.613 5781.4   1 5.760e-02      0.27 0.46  21.8   6    140    141    138    145    150    132 
   143  182.779   76.346  143.08    14.421     6.688 9385.5   2 8.256e-01      1.03 0.19 170.8   5    123    144    152    151    163 
   144  286.452   46.621   80.06    15.797     7.657 8750.6   2 4.934e+00      2.51 0.35 151.9  19    143    123    153    152    163    168    151    156    178    182    183    186    187    193    194    192    195    197    198 
   145   67.295   65.159  122.46     3.959     6.797 3498.1   2 3.904e-01      0.71 0.53 170.5   6    140    142    149    150    132    164 
   146  196.654  101.295  281.41     6.418     6.812 7433.0   2 8.320e-02      0.33 0.36 116.6   3    132    165    148 
   147  152.247  107.972  134.37     7.371     6.957 6724.0   1 6.080e-01      0.88 0.63  65.2   4    132    123    148    161 
   148   50.770  115.522   19.88     6.705     7.854 9802.1   2 1.696e+00      1.47 0.24 104.0  10    132    147    146    165    161    180    176    181    190    214 
   149  139.807   25.702  135.67     3.378     6.884 8152.2   2 1.152e-01      0.38 0.52  26.6   3    140    145    132 
   150   96.359  100.098  209.77     4.443     6.892 5332.4   1 8.320e-02      0.33 0.41 128.7   4    145    142    132    164 
   151   54.763   84.834  159.78    13.167     7.277 8600.0   2 1.530e+00      1.40 0.28   8.4   8    123    143    159    152    144    157    156    172 
   152   53.175  122.979  203.60    14.515     6.902 7332.7   2 2.752e-01      0.59 0.23 166.0   4    143    163    151    144 
   153  272.364  132.708   32.62    15.824     6.784 6079.0   1 3.200e-02      0.20 0.39 135.0   1    144 
   154   27.181   31.256   68.46     1.917     7.040 7765.4   1 1.536e-01      0.44 0.57  74.1   2    136    166 
   155   83.958   46.357  150.79    10.400     6.900 6493.4   1 1.024e-01      0.36 0.43  15.9   2    123    156 
   156    3.680  102.468  307.02    10.566     8.134 9451.2   2 9.382e+00      3.46 0.27 171.1  27    155    123    157    161    162    167    173    151    174    172    176    177    144    182    181    191    196    197    199    194    202    203    204    205    206    208    210 
   157  332.247   70.979   47.59    11.179     7.180 7596.5   1 6.080e-01      0.88 0.61  10.6   5    156    123    159    167    151 
   158  200.054  103.110  285.08     5.129     7.058 7627.7   2 5.760e-02      0.27 0.36 121.0   2    132    169 
   159  112.098  142.999   23.06    12.032     7.006 7292.5   2 3.200e-01      0.64 0.25 162.6   3    123    151    157 
   160   28.176   30.822   67.13     1.387     7.107 5906.6   1 3.840e-02      0.22 0.32 111.8   2    139    136 
   161  118.218   76.559  139.47     8.040     7.272 8050.4   2 6.592e-01      0.92 0.34 148.6   5    147    123    156    148    176 
   162  233.347   55.564   69.61     9.760     7.000 5163.6   2 3.840e-02      0.22 0.66  33.7   2    123    156 
   163   78.953   45.851  153.70    15.022     7.108 6629.7   1 8.320e-02      0.33 0.55 121.0   3    152    143    144 
   164  313.237   50.935  309.22     4.029     7.236 4608.1   2 2.304e-01      0.54 0.46  29.1   5    132    145    150    170    169 
   165  314.825   99.570  324.34     6.312     7.452 6572.8   2 1.280e-01      0.40 0.20 114.4   3    132    146    148 
   166  138.483   78.204  111.84     2.031     7.643 7767.3   2 3.328e-01      0.65 0.23 121.0   6    136    140    154    132    175    184 
   167   88.699   54.773   11.71    10.444     7.244 7901.8   1 7.040e-02      0.30 0.46 149.0   2    156    157 
   168   80.739   46.380  331.66    15.676     7.587 6743.1   1 1.216e-01      0.39 0.21 100.3   1    144 
   169   24.415   30.675   69.30     4.736     7.604 8221.0   1 2.880e-01      0.61 0.56 116.6   3    132    158    164 
   170  207.056  149.875  111.72     3.825     7.516 8711.9   1 1.408e-01      0.42 0.52 140.2   2    132    164 
   171  116.763  141.442  123.42     0.727     7.791 5520.9   2 1.472e-01      0.43 0.37 130.6   2    136    179 
   172  151.541  107.988  131.59    13.417     7.577 6727.4   1 4.480e-02      0.24 0.38  36.9   2    151    156 
   173   80.422   45.454  153.10     9.303     7.657 6783.2   1 4.480e-02      0.24 0.38 143.1   2    156    174 
   174  309.636  110.344  323.63     9.539     7.861 6124.7   2 2.176e-01      0.53 0.34 164.7   3    173    156    177 
   175  296.726   40.320   56.76     1.615     7.920 6598.8   2 7.040e-02      0.30 0.35 128.7   3    136    166    184 
   176  260.891  134.302  117.50     7.578     7.913 7190.1   1 7.040e-02      0.30 0.43 121.0   4    161    156    148    181 
   177   79.575   45.160  154.48     9.670     8.116 7565.4   1 3.136e-01      0.63 0.32 155.0   2    174    156 
   178  240.448   95.980    8.68    16.480     8.040 5448.6   2 6.400e-02      0.29 0.54  53.1   2    144    183 
   179  353.873  113.761  298.02     0.337     8.326 3090.7   2 1.792e-01      0.48 0.35 127.9   2    136    171 
   180    4.130  108.818   32.07     6.058     8.282 8189.5   2 1.600e-01      0.45 0.50 104.0   4    132    148    189    190 
   181  199.127  105.007  286.06     6.918     9.110 9236.0   2 1.606e+00      1.43 0.30 113.4   7    148    176    156    196    207    214    217 
   182  259.793  134.335   25.46    13.794     8.183 9021.7   1 1.344e-01      0.41 0.44 140.2   2    156    144 
   183  338.971  164.359   17.31    16.193     8.405 9311.2   2 8.192e-01      1.02 0.30  12.3   5    144    178    187    192    195 
   184  133.382   71.236  123.07     1.292     8.400 6757.0   2 1.728e-01      0.47 0.35 135.0   5    136    166    175    132    188 
   185   15.342   36.860  302.34     3.869     8.803 9795.3   2 4.096e-01      0.72 0.39 113.2   1    132 
   186  357.074  170.596   26.50    14.530     8.567 7193.3   2 1.536e-01      0.44 0.46  60.3   3    144    198    194 
   187  122.937   71.138  212.47    15.413     8.547 6110.1   2 3.840e-02      0.22 0.66  33.7   3    144    183    192 
   188   21.486   73.794  348.39     0.926     8.697 5394.0   1 4.480e-02      0.24 0.49 116.6   3    136    184    132 
   189  357.076  107.396  303.06     5.873     8.725 8282.9   2 1.088e-01      0.37 0.43 135.0   4    132    180    190    201 
   190  201.522  104.485  284.77     3.390    14.001 8249.0   2 2.453e+01      5.59 0.30 122.1  47    180    148    189    201    214    226    132    212    233    236    234    239    241    217    248    244    245    256    257    263    266    255    274    278    282    286    281    285    287    299    301    295    303    305    308    307    311    312    318    315    323    324    326    327    331    336    332 
   191  330.556   71.504   47.70     8.684     8.631 7013.8   1 5.760e-02      0.27 0.56  26.6   1    156 
   192    2.853  137.966   50.71    16.121     9.283 7490.8   2 1.325e+00      1.30 0.29  41.0   7    187    183    194    144    195    213    216 
   193  185.982  120.242  323.29    17.387     8.800 5973.6   2 7.680e-02      0.31 0.38  71.6   2    144    195 
   194  226.686  132.950  116.94    14.296    10.194 10199.9   2 7.187e+00      3.03 0.58  29.3  16    186    144    192    156    197    198    199    216    213    195    235    238    237    243    250    262 
   195   76.983   94.322    7.94    16.879    10.303 9551.9   2 3.379e+00      2.07 0.30  74.2   9    192    183    193    144    213    194    238    242    264 
   196  311.051  107.912  328.21     7.589     9.155 7142.3   2 1.920e-01      0.49 0.45  78.7   5    181    156    207    210    215 
   197   58.774   49.584   10.90    13.937     8.886 7492.7   1 8.960e-02      0.34 0.37 144.5   4    156    144    194    198 
   198  338.444   89.836  357.95    14.278     9.331 9344.0   2 2.816e-01      0.60 0.20 121.0   4    197    144    186    194 
   199  337.073   87.771  357.43    12.329    10.414 9424.4   2 2.138e+00      1.65 0.25 104.6   8    156    204    194    211    243    254    261    258 
   200  164.616   17.979  121.79     0.820     9.187 6094.9   2 7.680e-02      0.31 0.38 116.6   2    136    132 
   201  312.775  109.638   61.49     4.787    10.425 7705.5   2 2.387e+00      1.74 0.27 113.6   7    132    189    190    219    225    226    248 
   202   53.126   81.656  159.69     8.368     9.104 7024.9   2 2.240e-01      0.53 0.30 161.6   3    156    208    210 
   203   57.250   94.253    4.36    11.055     9.080 5647.2   2 1.024e-01      0.36 0.59  31.0   4    156    204    206    211 
   204  197.302  105.440  321.10    11.385     9.034 5648.5   2 8.320e-02      0.33 0.50  31.0   4    203    156    199    211 
   205  130.861  121.099  315.19     9.813     9.466 7184.1   2 1.043e+00      1.15 0.66 153.4   8    156    206    208    221    222    223    228    230 
   206  267.085   38.148  114.56    10.803     9.727 8572.1   2 9.024e-01      1.07 0.38  66.8   6    205    156    203    211    223    232 
   207  357.456  106.400   33.21     7.353     9.320 6393.0   2 7.680e-02      0.31 0.40 108.4   3    181    196    215 
   208  195.794  104.033  146.06     8.061    11.528 9477.9   2 6.598e+00      2.90 0.30 117.7  18    202    156    205    210    224    221    220    215    229    246    249    247    253    258    257    279    287    288 
   209  187.095  124.568  298.70     0.074     9.498  556.5   2 1.600e-01      0.45 0.50 108.4   1    136 
   210   73.794    6.625  259.38     7.868     9.540 7279.6   2 2.752e-01      0.59 0.52 101.3   6    196    202    156    208    215    220 
   211  189.815   51.501  114.27    11.612    10.592 9749.2   2 2.720e+00      1.86 0.37  99.0   8    203    204    199    206    232    223    252    261 
   212   12.639   36.717  302.87     2.837     9.906 9364.6   2 7.936e-01      1.01 0.64 153.4   2    132    190 
   213  175.896  125.763  272.87    15.696     9.544 6489.1   1 6.400e-02      0.29 0.39  71.6   3    192    195    194 
   214   96.737  101.391  206.81     6.170    10.079 9536.0   1 5.184e-01      0.81 0.39  82.9   5    190    148    181    217    234 
   215  202.377  107.469  284.42     6.971    10.579 7159.6   2 1.011e+00      1.13 0.25 112.9   8    207    196    217    210    220    208    246    245 
   216  339.603   90.863  356.61    15.262     9.600 9914.6   2 8.320e-02      0.33 0.33 135.0   2    194    192 
   217  174.416   73.037  333.76     6.535    10.620 5386.8   2 4.096e-01      0.72 0.10 123.2   6    181    215    214    234    245    190 
   218  197.835  101.040  288.63     1.290     9.820 7500.4   2 5.120e-02      0.26 0.43 126.9   2    132    227 
   219  199.471  102.703  287.63     5.250     9.780 7643.3   2 5.120e-02      0.26 0.54 116.6   2    201    226 
   220  227.877  136.367  295.30     7.476    10.179 6554.8   2 2.112e-01      0.52 0.19 109.7   3    215    210    208 
   221   49.545   54.677  333.25     9.400    10.131 6230.5   2 1.792e-01      0.48 0.18  56.3   5    208    222    205    224    228 
   222  186.212  119.940  322.63     9.498     9.923 6974.6   2 1.856e-01      0.49 0.35  48.8   3    221    205    228 
   223    2.752   63.498  312.31    10.650    10.777 9393.1   2 1.037e+00      1.15 0.26  73.5   8    205    206    230    228    232    211    240    252 
   224  163.451   85.745   92.54     9.214    10.475 8294.7   2 6.400e-01      0.90 0.28  67.2   5    208    221    229    228    247 
   225  276.036   78.667  153.25     4.783    10.137 7072.1   1 8.960e-02      0.34 0.36  74.1   1    201 
   226  275.228   78.130  334.31     5.410     9.930 6879.7   1 5.120e-02      0.26 0.47 126.9   3    219    201    190 
   227  313.107  109.918   63.90     1.209    10.107 6675.0   2 5.760e-02      0.27 0.64 116.6   3    132    218    231 
   228   17.827   75.302   37.56     9.923    10.861 8680.7   2 7.168e-01      0.96 0.47  72.5   8    222    205    230    221    223    224    240    247 
   229  300.212   71.762   41.46     9.112    10.602 7516.8   2 1.344e-01      0.41 0.23  76.0   2    224    208 
   230  238.669  129.836   77.86    10.153    10.287 5781.5   1 7.680e-02      0.31 0.41  51.3   3    228    205    223 
   231   24.640   29.646   70.15     1.010    10.568 6334.9   1 1.856e-01      0.49 0.42 130.6   2    132    227 
   232   57.658   48.561    9.80    11.184    10.584 7942.8   1 6.400e-02      0.29 0.55 126.9   3    206    211    223 
   233   30.005   78.372   29.33     2.137    10.987 6391.2   1 2.432e-01      0.56 0.31 128.7   3    190    241    244 
   234   30.659   77.378   27.74     6.190    10.870 5667.6   1 1.536e-01      0.44 0.32 138.8   3    214    217    190 
   235   57.783   50.563   11.28    13.932    10.782 9417.6   1 8.320e-02      0.33 0.31 113.2   2    194    237 
   236    7.809   32.249  313.03     3.232    10.704 4936.8   2 3.200e-02      0.20 0.53 123.7   2    190    132 
   237  336.889   90.157  355.70    13.981    11.256 9747.6   2 3.008e-01      0.62 0.41 110.0   3    235    194    250 
   238  339.696   92.325  354.69    16.115    13.489 11650.4   2 7.552e+00      3.10 0.34  74.2  12    194    195    242    262    273    277    283    280    243    297    290    314 
   239  316.547  109.473   65.72     3.104    11.008 6948.3   2 3.200e-02      0.20 0.48 104.0   1    190 
   240   49.603   55.468  332.62    10.340    11.947 6567.8   2 9.216e-01      1.08 0.31  78.7   9    228    223    247    251    258    259    252    260    271 
   241   11.899   36.063   35.00     1.547    11.350 7365.1   2 3.008e-01      0.62 0.43 110.0   5    132    190    233    244    256 
   242  226.323  131.388  116.19    16.767    11.997 10330.4   2 6.272e-01      0.89 0.23  75.4   5    238    195    264    269    273 
   243   62.520  134.767  227.35    13.661    12.731 10033.3   2 3.315e+00      2.05 0.27  57.9  13    199    194    250    254    268    267    272    276    277    238    291    294    297 
   244  290.659   37.908   59.89     1.914    11.394 6547.6   2 8.960e-02      0.34 0.47 128.7   3    233    241    190 
   245  299.306   75.980  290.97     6.513    11.544 5499.4   2 2.176e-01      0.53 0.34  45.0   6    217    215    190    246    257    249 
   246   31.449   77.376   26.42     6.960    11.431 4210.7   1 1.088e-01      0.37 0.36 119.7   4    215    208    249    245 
   247  155.949   82.826  229.37     9.458    11.973 10463.6   1 8.064e-01      1.01 0.46 108.4   5    208    228    224    240    258 
   248  174.497   70.892  333.07     4.038    13.231 7870.0   2 2.931e+00      1.93 0.21 132.1   6    201    190    266    286    278    295 
   249  331.937   88.690  354.58     7.109    11.651 5685.8   2 1.792e-01      0.48 0.41 114.0   5    246    208    245    257    253 
   250  237.091  129.021   78.15    14.048    11.878 8363.3   1 6.144e-01      0.88 0.54  36.9   5    194    237    243    262    267 
   251  335.346   99.007  311.34    10.490    11.810 6478.5   1 5.120e-02      0.26 0.40  53.1   2    240    259 
   252  115.743  109.255  313.77    10.985    12.573 8383.6   2 6.080e-01      0.88 0.30 101.3   6    223    211    240    259    261    258 
   253  155.079   83.481  139.74     7.115    12.299 8088.8   1 3.136e-01      0.63 0.21 110.6   3    249    208    257 
   254  194.647  102.930  146.55    11.988    13.127 9524.8   2 1.587e+00      1.42 0.20 108.9   6    199    243    268    258    272    284 
   255  190.351  145.259  323.58     0.644    13.651 8518.8   2 3.776e+00      2.19 0.26 101.5   8    132    256    190    270    263    275    292    315 
   256  126.288   61.383  166.80     1.503    12.051 5722.0   1 8.960e-02      0.34 0.55  74.1   4    132    190    241    255 
   257    9.566   34.831  309.27     6.369    12.842 9828.0   2 1.651e+00      1.45 0.39 119.2   8    190    245    249    253    274    208    279    281 
   258  335.213   87.959  354.80     9.556    14.106 9598.5   2 8.960e+00      3.38 0.42 119.1  19    247    240    260    208    261    199    271    254    252    284    288    289    293    298    300    302    317    321    334 
   259    2.640   64.122   43.54    10.728    12.080 6606.4   2 1.280e-01      0.40 0.64  63.4   3    251    240    252 
   260  155.063   81.963  227.83    10.196    12.200 7331.3   1 1.280e-01      0.40 0.49  66.8   2    258    240 
   261  324.470  167.456  304.25    11.376    12.382 6548.8   1 2.496e-01      0.56 0.37  99.5   4    211    252    199    258 
   262  199.751  171.286  305.17    14.912    12.518 10258.0   2 9.536e-01      1.10 0.54  58.0   5    250    194    238    267    277 
   263   29.148   77.521   28.61     1.802    12.515 5193.1   1 2.176e-01      0.53 0.40 123.7   2    190    255 
   264   50.651   57.362  334.12    17.311    12.487 6097.9   2 1.472e-01      0.43 0.44  63.4   3    242    195    269 
   265   22.024   30.741  340.67     0.027    12.440 5657.8   1 3.840e-02      0.22 0.58 104.0   3    136    132    270 
   266   11.770   36.350  303.16     3.562    13.096 8108.2   2 6.272e-01      0.89 0.15 121.0   3    190    248    278 
   267  121.745  109.866   51.75    14.433    12.777 7513.2   2 3.584e-01      0.68 0.30  55.3   4    250    262    243    277 
   268   49.189   43.206   63.77    12.688    12.528 8525.8   2 3.200e-02      0.20 0.36 116.6   3    254    243    272 
   269  165.186   83.399  276.12    17.168    13.034 8409.0   2 5.248e-01      0.82 0.46  66.8   4    242    264    273    280 
   270  296.929   34.668   50.68     0.040    12.680 5417.3   2 3.840e-02      0.22 0.46 116.6   2    265    255 
   271  335.336   98.553  310.84     9.965    12.845 7598.2   1 1.920e-01      0.49 0.53 125.5   2    258    240 
   272  188.289   49.545  117.37    12.357    14.233 10052.6   2 3.123e+00      1.99 0.35 113.6  11    268    243    254    276    290    296    284    298    304    309    306 
   273  304.172   68.380  305.80    16.841    13.454 6766.1   2 2.240e-01      0.53 0.30  76.0   5    238    269    242    280    283 
   274   30.004   78.929   27.93     5.496    13.442 6506.8   1 2.112e-01      0.52 0.27 118.6   4    190    257    281    282 
   275  354.538  107.960   32.61     0.505    13.538 8259.5   2 2.240e-01      0.53 0.38 123.7   1    255 
   276   14.375   76.567   33.85    13.515    13.978 8997.2   2 1.280e+00      1.28 0.40  68.6   4    272    243    290    291 
   277  236.620  130.328  346.55    14.932    13.550 9247.2   1 2.368e-01      0.55 0.46 106.7   4    267    262    238    243 
   278   29.832   79.189   28.72     2.963    13.670 5708.4   1 1.472e-01      0.43 0.39 125.5   3    190    266    248 
   279   31.081   78.786   28.81     6.545    13.702 5866.8   1 1.664e-01      0.46 0.47 135.0   4    257    208    281    285 
   280  238.113  128.828  348.34    17.302    13.728 8333.2   1 1.600e-01      0.45 0.47  54.5   4    273    269    283    238 
   281  200.562  102.197  287.08     5.412    14.567 7702.1   2 1.133e+00      1.20 0.21 126.5   7    274    257    282    279    285    190    318 
   282  173.845   70.115  334.28     5.333    13.920 5025.0   2 5.760e-02      0.27 0.37 121.0   3    274    281    190 
   283  164.128   78.066   92.33    17.107    13.840 7484.7   2 3.840e-02      0.22 0.43  45.0   3    273    280    238 
   284  153.920   82.225  139.68    11.096    14.418 8073.9   1 3.200e-01      0.64 0.50  69.0   5    258    293    254    298    272 
   285  117.017  148.580  127.48     5.868    14.633 7308.3   2 6.336e-01      0.90 0.17 132.1   4    281    279    287    190 
   286   31.247   77.683   27.74     2.498    14.253 3636.0   1 1.152e-01      0.38 0.27 126.9   2    190    248 
   287   66.618   93.722  358.99     6.445    15.706 7804.4   2 1.882e+00      1.55 0.23 108.9   7    285    208    190    288    312    325    332 
   288  220.460  137.169   14.38     7.675    15.161 8665.2   2 2.950e+00      1.94 0.36 134.1   6    258    208    287    289    302    325 
   289   13.061   87.378   35.60     7.583    14.286 5625.4   2 8.960e-02      0.34 0.60 158.2   2    258    288 
   290    5.237   62.665   36.09    15.431    16.258 8888.0   2 7.533e+00      3.10 0.27  33.7  16    272    276    296    304    291    297    238    306    310    313    314    316    322    330    333    337 
   291  181.611  169.679  288.58    14.280    15.039 7666.6   2 7.488e-01      0.98 0.34  73.3   5    276    243    294    290    316 
   292  145.475   20.633  142.72     0.640    14.440 6603.2   2 5.120e-02      0.26 0.44 126.9   1    255 
   293  110.631  102.111  175.13    10.730    14.410 7652.6   1 5.120e-02      0.26 0.60 135.0   3    258    284    298 
   294  302.002   66.653  306.59    14.492    14.644 6474.2   2 1.280e-01      0.40 0.29  66.0   3    291    243    297 
   295  126.761   62.996  167.23     2.511    14.991 5967.3   1 4.416e-01      0.75 0.27 137.1   5    248    190    303    307    308 
   296  338.298   89.478  356.75    12.960    14.865 10294.6   2 2.048e-01      0.51 0.29 110.0   3    272    290    304 
   297  162.456   84.546   94.62    14.748    14.703 6272.5   2 1.472e-01      0.43 0.45  60.3   4    294    243    238    290 
   298   17.304   77.296   34.73    10.459    16.225 10383.2   2 4.224e+00      2.32 0.46 129.3   8    258    293    284    300    272    309    319    335 
   299  315.374  111.201   62.07     3.520    14.822 6557.8   2 7.040e-02      0.30 0.34 116.6   2    190    301 
   300  139.387   12.567  331.53    10.103    14.731 6323.2   1 4.480e-02      0.24 0.52 135.0   2    258    298 
   301  299.100   33.583   49.87     3.339    15.284 5539.6   2 2.432e-01      0.56 0.14 128.7   3    299    190    305 
   302   18.154   77.037  304.60     8.088    16.544 10412.3   2 3.501e+00      2.11 0.41 135.9   6    288    258    321    317    325    334 
   303  201.626   98.280  288.32     2.217    15.063 6255.6   2 4.480e-02      0.24 0.38 126.9   2    190    295 
   304   14.628   78.659  302.85    13.000    15.267 8259.7   2 1.920e-01      0.49 0.40 126.9   4    296    290    306    272 
   305   30.135   78.821   28.15     3.226    15.700 5905.5   1 2.752e-01      0.59 0.19 128.2   3    301    190    323 
   306   58.166   50.842   10.71    13.078    15.870 9245.8   1 8.640e-01      1.05 0.49  32.0   6    304    290    310    272    309    322 
   307  356.730  107.773   34.06     2.301    15.647 8521.7   2 1.856e-01      0.49 0.46 116.6   3    295    190    308 
   308  353.699  104.947  292.94     1.528    16.121 7259.0   2 7.552e-01      0.98 0.22 127.3   4    190    295    307    336 
   309   64.339    7.198  267.13    11.979    15.627 7575.2   2 2.688e-01      0.59 0.42 160.0   6    272    306    298    319    320    322 
   310   87.700  145.112  250.44    13.317    15.717 7990.7   2 9.600e-02      0.35 0.26 116.6   2    306    290 
   311   30.277   78.011   28.24     0.914    15.731 4940.6   1 1.216e-01      0.39 0.29 130.6   1    190 
   312  212.518  139.801    7.05     6.170    15.795 6511.1   2 1.472e-01      0.43 0.47 119.7   2    190    287 
   313  254.482   88.151  348.63    15.333    16.346 10012.2   2 7.360e-01      0.97 0.23  61.4   1    290 
   314   48.994   57.185  333.45    17.102    15.691 6845.9   2 1.408e-01      0.42 0.40  45.0   2    290    238 
   315  128.462   60.279  167.61     0.060    15.740 6959.5   1 5.120e-02      0.26 0.56 116.6   2    255    190 
   316   63.384   95.019  359.71    14.280    15.720 7150.7   2 8.960e-02      0.34 0.57  45.0   2    290    291 
   317  131.486   12.943  338.88     9.143    15.806 6818.7   1 4.480e-02      0.24 0.47 116.6   2    258    302 
   318  126.211   63.615  166.26     4.473    15.891 6815.5   1 7.040e-02      0.30 0.56  53.1   2    190    281 
   319  305.364  170.101  285.42    11.469    16.196 8118.6   1 2.688e-01      0.59 0.27 102.1   5    298    309    320    328    329 
   320  334.621   96.979  309.98    11.835    16.145 8126.1   1 3.072e-01      0.63 0.47 110.0   4    309    319    322    328 
   321  109.900  102.042  175.75     8.760    15.912 6472.2   1 6.400e-02      0.29 0.36 161.6   2    302    258 
   322   15.853   76.610  304.69    12.737    16.817 10829.0   2 2.726e+00      1.86 0.56 150.0   7    306    320    309    290    328    329    337 
   323  354.227  110.785  296.13     2.566    16.423 5590.7   2 2.496e-01      0.56 0.28 129.3   4    190    305    327    331 
   324  354.190  107.065  296.35     3.793    16.877 7183.3   2 3.520e-01      0.67 0.17 125.2   2    190    326 
   325  308.900  164.676  283.40     6.816    16.720 6721.6   1 4.224e-01      0.73 0.34 130.6   4    287    288    302    332 
   326   30.634   77.674   27.24     4.613    17.066 7464.5   1 1.082e+00      1.17 0.42 161.6   2    190    324 
   327  314.060  111.257   61.95     2.555    16.824 6404.8   2 1.920e-01      0.49 0.38 126.9   3    323    190    331 
   328  273.741  177.546   26.10    11.593    16.924 8074.6   2 1.408e-01      0.42 0.36 114.0   4    319    320    329    322 
   329   59.135   49.406    9.75    11.463    17.140 7858.7   1 2.048e-01      0.51 0.39 110.0   4    319    328    335    322 
   330  172.839  167.618  279.77    17.413    16.907 9524.7   2 5.760e-02      0.27 0.53  99.5   1    290 
   331   31.385   78.153   27.74     2.035    17.037 5955.6   1 1.920e-01      0.49 0.30 142.1   3    323    327    190 
   332   88.431  146.827  248.92     6.031    17.218 6509.4   2 4.672e-01      0.77 0.41 147.3   3    287    325    190 
   333   74.588   93.685   98.68    16.192    16.928 9094.7   2 3.200e-02      0.20 0.36  63.4   1    290 
   334  131.998   12.580  339.59     8.859    17.211 6478.3   1 9.600e-02      0.35 0.24 116.6   2    302    258 
   335  111.215   98.721  176.11    11.211    17.194 6699.0   1 8.960e-02      0.34 0.24 110.6   2    298    329 
   336  359.472  104.408  301.79     0.780    17.127 5637.5   2 7.680e-02      0.31 0.55  68.2   2    190    308 
   337  335.186   97.607  309.45    13.971    17.345 8416.1   1 7.040e-02      0.30 0.67  53.1   2    322    290 
