     1  210.527  102.585  320.29     0.658     1.067 10324.4   2 2.368e+00      1.74 0.47 108.4   7      2      3     31     40     48     36     55 
     2  203.514  106.122  126.34     1.250     0.030 4658.5   2 5.120e-02      0.26 0.56 158.2   2      1      3 
     3   92.796   88.048   29.90     1.715     0.821 6976.3   2 1.318e+00      1.30 0.52  55.6   6      2      4      1     27     40     36 
     4    0.270  111.993   44.81     2.288     0.322 7130.4   1 4.416e-01      0.75 0.34  29.7   5      3      5     27      6      9 
     5  313.945  132.995  296.24     2.575     0.171 8382.0   2 1.344e-01      0.41 0.26  33.7   2      4      6 
     6  277.449   96.090  335.08     3.043     0.203 8172.3   2 3.200e-01      0.64 0.52  31.0   4      5      7      9      4 
     7  151.866  103.203  324.16     3.658     0.138 7713.7   2 2.304e-01      0.54 0.51  24.0   3      6      8      9 
     8    2.747  112.404   45.97     4.160     0.040 6678.0   1 6.400e-02      0.29 0.61  21.8   2      7      9 
     9  129.893   48.909  162.70     4.093     0.983 6818.1   2 3.898e+00      2.23 0.44 175.7   9      8     10      7      6      4     27     36     38     43 
    10   99.793   84.096  204.53     5.615     0.495 6550.4   2 4.224e-01      0.73 0.16  34.4   5      9     11     12     36     32 
    11  203.284  108.037  309.86     5.600     0.127 7448.2   2 2.304e-01      0.54 0.42  11.3   2     10     12 
    12  288.682   97.868   23.27     6.356     0.471 8079.8   1 5.440e-01      0.83 0.45  45.0   6     11     13     10     26     32     28 
    13  204.100  109.521  309.12     8.820     0.557 6851.7   2 4.224e+00      2.32 0.23   6.9   6     12     14     26     16     28     29 
    14   88.820  120.799   68.40    10.635     0.151 8448.9   2 2.240e-01      0.53 0.56  26.6   3     13     15     16 
    15   95.050  153.097   17.45    11.017     0.069 6923.1   2 4.480e-02      0.24 0.54 135.0   2     14     16 
    16   98.743  103.124  326.75    11.339     1.148 6506.9   2 6.432e+00      2.86 0.23 155.1  19     15     17     14     25     13     30     33     39     37     42     28     49     52     56     60     47     59     65     69 
    17  163.361   75.320  331.43    14.563     3.264 8702.6   2 1.075e+01      3.70 0.34  92.9  19     16     18     24     25     30     23     19     44     37     42     53     61     66     76     99    104    105    111    114 
    18  150.407  111.305  114.62    14.920     0.147 5131.0   2 7.680e-02      0.31 0.65 126.9   3     17     19     24 
    19   17.511  129.696  210.08    15.707     0.417 6659.6   2 1.050e+00      1.16 0.66 126.3   6     18     20     24     35     23     17 
    20  129.319   96.797    3.17    16.532     0.643 5063.7   2 4.992e-01      0.80 0.38  68.2   5     19     21     22     23     35 
    21  324.290  121.743  225.28    16.620     0.220 4289.9   2 5.120e-02      0.26 0.28  99.5   2     20     22 
    22  337.050   44.226   23.95    16.791     0.198 5500.6   2 1.088e-01      0.37 0.42  74.1   3     21     23     20 
    23  143.126   59.535  138.47    16.710     1.688 6673.2   2 3.699e+00      2.17 0.27  93.5  12     22     20     19     35     17     53     54     61     62     63     67     77 
    24  109.826   90.094  322.80    15.054     0.712 5522.6   2 4.544e-01      0.76 0.38  60.3   3     17     18     19 
    25  354.830  155.252  343.00    14.027     0.640 5975.6   2 2.112e-01      0.52 0.69 129.8   4     16     17     30     34 
    26  204.699  116.494  310.61     7.120     0.560 5479.0   2 8.320e-02      0.33 0.52  31.0   3     12     13     28 
    27   66.521   55.395  167.72     2.437     0.869 6177.3   2 2.752e-01      0.59 0.38  55.0   5      3      4      9     36     43 
    28  343.178   25.659   32.41     8.137     1.295 8145.8   2 1.382e+00      1.33 0.23  20.9  10     12     26     13     29     32     41     45     47     49     16 
    29   93.382  123.895   55.82     7.885     0.850 5703.3   2 1.024e-01      0.36 0.25  40.6   2     28     13 
    30  245.384  108.805  298.97    13.882     1.078 6808.5   1 4.736e-01      0.78 0.53  48.0   6     16     25     34     33     17     44 
    31  274.913   90.562  331.41     0.350     0.938 8121.5   2 3.072e-01      0.63 0.47  26.6   1      1 
    32  203.507  107.018  308.79     6.958     1.280 6012.6   2 6.464e-01      0.91 0.31  39.1   7     12     10     28     36     41     46     45 
    33  165.395   74.362  330.32    13.326     0.988 6033.0   2 1.664e-01      0.46 0.45  63.4   4     16     30     37     44 
    34  164.127   73.858  330.54    13.760     0.816 7199.4   2 6.400e-02      0.29 0.69 116.6   2     30     25 
    35  202.823   41.456  103.34    16.138     0.887 5459.8   1 7.040e-02      0.30 0.44 121.0   3     19     20     23 
    36  114.343  120.122  345.87     4.338     2.800 8209.6   2 1.549e+01      4.44 0.38 176.8  24      9     10     32      3     27     38     43     40     50     46      1     55     58     57     68     73     74     72     80     81     85     86     90     93 
    37  182.012   26.572  101.21    13.255     1.490 7219.5   2 4.288e-01      0.74 0.52  63.4   6     16     33     39     44     17     42 
    38   67.338   46.884   32.70     5.200     1.160 6126.2   1 6.400e-02      0.29 0.54  53.1   2      9     36 
    39  347.345  102.582   28.85    12.628     1.297 6372.0   2 3.392e-01      0.66 0.61 160.0   3     16     37     42 
    40  223.999   42.257   99.13     1.471     1.629 5482.6   2 2.624e-01      0.58 0.43 100.3   3      3      1     36 
    41   16.349   68.105    7.41     7.535     1.375 6554.3   1 7.040e-02      0.30 0.26  50.2   3     32     28     45 
    42  281.618   83.223  294.69    12.760     3.756 8061.2   2 7.142e+00      3.02 0.34  66.6  11     16     39     37     17     52     56     71     69    104    114    127 
    43  102.450  124.959   72.42     2.960     1.707 4491.5   2 2.816e-01      0.60 0.27  47.7   3     27      9     36 
    44  218.961   69.527  130.00    13.680     1.413 5605.0   2 5.760e-02      0.27 0.45  53.1   4     33     30     37     17 
    45  335.264  135.375   15.25     7.832     1.656 6242.3   1 6.400e-02      0.29 0.67  63.4   5     28     41     32     46     47 
    46  107.562   74.466   23.84     7.941     2.057 6505.7   2 3.712e-01      0.69 0.29  29.7   8     32     36     45     47     51     58     59     64 
    47  205.002  109.999  310.35     8.451     2.029 5909.1   2 2.688e-01      0.59 0.28  39.3   7     45     28     46     51     49     59     16 
    48  152.428   94.428  107.85     0.141     2.494 9050.6   2 5.312e-01      0.82 0.22  95.2   3      1     55     57 
    49   15.628   68.697    6.83     8.991     1.988 7849.5   1 2.496e-01      0.56 0.57   5.7   3     28     47     16 
    50   81.687   90.999   22.29     4.685     2.058 5749.9   2 2.048e-01      0.51 0.26 157.4   1     36 
    51  201.067  106.120  306.70     8.304     2.096 5844.1   2 3.200e-02      0.20 0.39  45.0   2     46     47 
    52  245.942  107.116  299.21    11.064     2.201 5410.6   1 2.112e-01      0.52 0.64 119.7   3     16     42     56 
    53   57.149   72.325   20.41    15.822     2.222 4097.6   2 5.760e-02      0.27 0.45  68.2   3     17     23     61 
    54  195.296   50.905  331.00    16.510     2.620 5611.0   2 2.752e-01      0.59 0.29 107.1   3     23     63     61 
    55  271.075   91.470  347.15     0.731     2.309 6085.4   2 1.344e-01      0.41 0.53  15.9   4     48      1     57     36 
    56  223.291   64.270  306.02    10.774     2.957 6313.7   2 1.216e+00      1.24 0.47  23.2   6     16     52     60     42     69     71 
    57  203.746  132.867  271.23     0.488     3.172 9242.7   2 9.792e-01      1.12 0.38 107.7   6     48     55     36     72     73     79 
    58  116.505  113.584  340.26     7.918     2.661 4730.8   2 2.432e-01      0.56 0.56 108.4   4     36     46     64     68 
    59  188.397   45.380   98.41     9.014     4.579 8175.3   2 2.138e+00      1.65 0.14  73.1  11     46     47     64     16     65     70     69     97    103    106    112 
    60  163.460   72.693  334.88    10.491     2.589 6161.2   2 2.304e-01      0.54 0.53 167.5   2     16     56 
    61  233.773   65.182   24.37    16.187     4.119 8687.5   2 2.624e+00      1.83 0.34  82.5  11     53     23     17     63     66     54     76     67     99    100    105 
    62   48.296   96.542   37.40    17.206     2.600 4221.4   1 8.960e-02      0.34 0.47 108.4   2     23     67 
    63  200.174   41.533  104.97    16.251     2.583 5090.4   1 4.480e-02      0.24 0.51  63.4   3     61     23     54 
    64  336.193   67.041   60.50     8.526     5.799 7640.0   2 6.438e+00      2.86 0.30  67.7  22     58     46     59     68     75     83     94     82     91    106    113    116    103    135    141    136    142    158    160    164    166    165 
    65  319.522  111.281  236.57     8.850     2.820 5517.3   1 5.120e-02      0.26 0.41  68.2   4     59     16     69     70 
    66  236.772  108.176  338.18    15.874     2.811 5046.9   2 4.480e-02      0.24 0.35  68.2   2     17     61 
    67  218.494   83.608  100.46    17.182     3.965 5959.8   2 1.178e+00      1.22 0.20  94.8   7     62     23     77     78     61    100    109 
    68  339.521   73.011  219.62     6.512     4.045 8022.5   2 2.605e+00      1.82 0.24 148.8  12     36     58     64     74     75     82     83     91     90     96     86    102 
    69  242.066  116.231  340.72    11.265     5.347 8794.2   2 1.103e+01      3.75 0.33  41.2  21     65     16     56     70     71     59     42     87     97    103    107    110    119    121    127    114    133    136    138    137    142 
    70   53.454  113.815  247.29     8.952     3.420 5409.6   2 1.280e-01      0.40 0.22  79.7   3     65     69     59 
    71    3.845  151.155   33.82    11.264     3.507 6090.8   1 1.920e-01      0.49 0.43  58.0   3     56     42     69 
    72  192.773   79.948  326.16     1.056     3.912 7535.4   2 1.184e+00      1.23 0.42  12.3   8     57     73     36     79     84     89     85     92 
    73  287.730  162.727   41.92     1.176     3.376 4808.9   2 6.400e-02      0.29 0.55 143.1   3     57     36     72 
    74  150.409   24.147   15.25     7.264     3.296 6348.1   1 3.200e-02      0.20 0.41  26.6   2     36     68 
    75   32.583   68.553  340.40     7.780     3.390 6404.3   2 5.120e-02      0.26 0.55 116.6   2     68     64 
    76  154.509   73.476   77.05    15.647     3.609 5889.0   2 1.088e-01      0.37 0.62  59.0   2     17     61 
    77  194.647   51.701  328.53    16.896     3.552 6334.7   2 3.200e-02      0.20 0.48 104.0   2     23     67 
    78  322.654  117.865  221.10    17.404     4.378 5860.5   2 1.856e-01      0.49 0.18  93.6   1     67 
    79  138.227   63.538  132.17     0.431     5.136 5780.5   2 4.736e-01      0.78 0.15  72.2   6     57     72     88     84     95     98 
    80  342.189  112.044    0.90     3.820     4.260 8076.2   2 1.536e-01      0.44 0.58 123.7   3     36     86     93 
    81  227.154   46.623  136.15     2.449     4.252 7020.9   2 8.320e-02      0.33 0.51  45.0   2     36     85 
    82   83.703   95.296   24.80     7.538     4.311 3812.2   2 5.760e-02      0.27 0.48 126.9   5     68     83     91     94     64 
    83  140.692   69.193  302.35     7.744     4.296 5048.8   1 6.400e-02      0.29 0.55  53.1   3     82     68     64 
    84  221.391   81.240  296.08     0.758     4.604 6378.8   2 6.336e-01      0.90 0.64  21.0   5     79     72     89     92     98 
    85  334.610  153.745   20.09     2.503     4.710 5926.6   2 6.400e-01      0.90 0.43  25.2   6     36     81     72     92     86    101 
    86  310.773  159.853   10.66     3.777     4.915 7841.1   2 1.114e+00      1.19 0.32  24.6   9     36     80     85     93    101     68     90    102     91 
    87  225.786   66.093  126.08    10.533     4.888 7377.1   2 4.608e-01      0.77 0.31  62.1   1     69 
    88    0.190  104.162  293.03     0.036     4.502 6792.4   2 7.040e-02      0.30 0.49 108.4   2     79     95 
    89   45.419   90.219  290.01     1.497     4.366 5798.9   1 4.480e-02      0.24 0.49 153.4   3     72     84     92 
    90   80.762   91.312   19.13     4.472     4.554 5634.1   2 2.496e-01      0.56 0.72  60.3   4     36     93     68     86 
    91   82.036   95.699   22.83     6.037     5.377 7936.4   2 3.635e+00      2.15 0.41 150.6  12     68     82     94     96     64    102     86    101    115    116    117    118 
    92  268.306   94.431  346.14     2.520     5.624 7127.1   2 2.835e+00      1.90 0.33  30.5  11     89     72     85     84     98    101    115    120    117    122    125 
    93   74.080   97.487   65.13     4.061     4.703 6529.2   1 1.856e-01      0.49 0.63  66.8   4     80     36     90     86 
    94  328.633  155.080  253.98     7.452     4.622 4363.5   1 8.320e-02      0.33 0.51  59.0   3     91     82     64 
    95  215.271  135.246  339.18     0.191     5.827 8708.8   2 1.011e+00      1.13 0.22  95.5   5     88     79     98    128    131 
    96  253.363   92.604  337.61     5.244     4.897 7660.4   2 1.856e-01      0.49 0.75  15.9   3     68     91    102 
    97  202.584  144.037  234.12     9.490     4.855 5233.4   1 1.024e-01      0.36 0.62 121.0   3     59     69    103 
    98  312.729  109.813  179.10     1.278     5.897 7611.1   1 2.048e+00      1.61 0.48 161.0   8     84     92     79     95    122    128    129    132 
    99  333.475  113.376   20.90    15.720     4.960 5879.6   2 5.120e-02      0.26 0.40  68.2   2     17     61 
   100  103.674   99.550  318.32    16.982     5.245 7764.2   2 2.368e-01      0.55 0.36  65.6   6     61     67    105    108    109    111 
   101  317.455  118.878  317.92     3.551     5.419 6728.9   2 6.208e-01      0.89 0.35  27.9   5     85     86     92     91    115 
   102  115.873  112.803  354.34     4.856     5.092 4996.5   2 1.280e-01      0.40 0.60  26.6   4     68     96     86     91 
   103   55.407  113.462  247.27     9.822     6.296 6967.3   2 1.011e+00      1.13 0.25  80.8   6     97     69     59    112     64    135 
   104  184.603   36.561  146.59    14.645     5.300 5301.1   1 1.024e-01      0.36 0.33 129.8   2     17     42 
   105  283.749   81.262  295.13    16.566     5.311 3765.9   2 8.320e-02      0.33 0.52  99.5   5     61    100     17    108    111 
   106   22.420   37.054   35.02     8.954     5.566 6184.3   1 8.960e-02      0.34 0.23  66.0   2     64     59 
   107    8.680  149.674  216.55    12.050     5.420 7046.9   1 5.120e-02      0.26 0.41  68.2   1     69 
   108  232.843   64.641   23.84    16.834     5.497 6171.7   2 1.344e-01      0.41 0.45  50.2   3    105    100    111 
   109  333.416   46.676   30.38    17.387     5.640 8412.4   2 1.152e-01      0.38 0.45  76.0   3     67    100    111 
   110  197.818   23.648   93.24    11.308     5.753 6366.7   2 1.472e-01      0.43 0.45  60.3   1     69 
   111  323.996   71.659   66.03    16.415     7.159 8043.3   2 5.715e+00      2.70 0.63 139.5   9     17    105    108    114    100    109    154    157    161 
   112   54.760   75.748   14.42     9.705     6.142 6296.2   2 8.320e-02      0.33 0.21  77.5   2     59    103 
   113   11.903  134.875  178.13     8.384     6.016 7113.6   2 6.400e-02      0.29 0.40  59.0   1     64 
   114  169.077   36.934  111.49    13.654     7.472 7616.3   2 4.794e+00      2.47 0.19 145.9  15     17    111     42    127     69    133    144    147    154    150    142    151    163    177    179 
   115   89.569   80.887    8.07     4.187     5.987 4818.1   2 3.840e-02      0.22 0.61  56.3   3    101     91     92 
   116  122.681   83.028  335.70     7.234     7.631 9209.4   2 6.886e+00      2.96 0.39  19.5  22     91     64    118    123    124    126    125    130    134    140    153    156    155    159    158    162    164    171    178    180    181    175 
   117   50.322  155.128  197.23     4.650     6.325 7261.9   2 3.200e-01      0.64 0.56  21.8   5     91     92    118    125    126 
   118  259.882  117.874   21.19     5.666     6.369 9027.5   1 6.848e-01      0.93 0.44  26.6   4     91    117    116    126 
   119  181.738   36.066  150.76    10.954     6.792 7589.0   1 5.696e-01      0.85 0.34 102.5   3     69    137    142 
   120  132.040   69.556    1.76     2.872     6.232 8953.2   1 6.400e-02      0.29 0.53  11.3   2     92    122 
   121  186.712   34.479  143.65    12.204     6.453 6698.6   1 5.760e-02      0.27 0.33 108.4   1     69 
   122  264.140  111.798  344.96     2.978     6.782 9419.6   2 2.067e+00      1.62 0.39  10.0   8     92    120     98    129    125    134    139    143 
   123  259.337  116.169  109.64     6.575     6.705 6150.5   1 2.048e-01      0.51 0.32 110.0   3    116    124    130 
   124  250.237   90.253   60.68     6.427     6.560 6380.8   2 5.760e-02      0.27 0.28 108.4   2    116    123 
   125  259.363  117.621   20.54     4.460     6.768 8971.7   1 3.008e-01      0.62 0.66  18.4   6     92    117    122    126    116    134 
   126  243.659   74.870   28.75     5.167     6.937 10222.4   2 4.672e-01      0.77 0.53  74.1   4    117    118    125    116 
   127  138.652  106.841  109.59    13.636     6.631 5375.5   2 5.760e-02      0.27 0.48 143.1   3     69     42    114 
   128  300.820  155.396   70.11     0.431     6.815 4765.5   2 1.664e-01      0.46 0.62 146.3   4     95     98    132    131 
   129  143.810  113.791  276.75     2.034     8.003 7450.4   2 5.370e+00      2.61 0.39 163.0  13     98    122    132    131    145    146    143    149    155    152    148    173    174 
   130  183.055   68.933  141.07     7.849    10.635 9574.8   2 2.026e+01      5.08 0.34  65.9  34    123    116    140    159    164    171    166    175    176    181    180    187    189    191    190    202    203    207    208    200    210    212    214    215    217    220    226    229    230    236    243    255    252    258 
   131   42.709   91.808   20.53     0.256     7.393 4190.6   1 3.776e-01      0.69 0.44  61.4   7     95    128    132    129    148    145    152 
   132  265.789  111.810  346.73     0.751     7.091 5953.4   2 2.304e-01      0.54 0.40 158.2   4    128     98    129    131 
   133  246.100  158.330  156.60    12.814     7.278 6046.5   1 2.496e-01      0.56 0.41 123.7   5     69    114    138    144    151 
   134  358.690  111.313   38.48     4.341     7.362 7728.0   2 2.432e-01      0.56 0.45  68.2   7    122    125    116    139    143    153    155 
   135  151.891   66.740  160.58    10.132     7.341 5794.2   2 1.088e-01      0.37 0.43 123.7   4    103    136    141     64 
   136  322.241  112.267  328.53    10.413     7.413 5323.6   1 1.152e-01      0.38 0.41  60.3   6    135     69    137    141     64    142 
   137  149.453  127.839  296.77    10.690     7.375 5226.5   2 1.024e-01      0.36 0.60  31.0   4     69    119    136    142 
   138  169.824   37.842  109.13    12.227     7.502 7412.1   2 3.072e-01      0.63 0.39 147.5   4     69    133    150    151 
   139  316.790  150.278  243.73     4.093     7.387 5628.4   2 3.840e-02      0.22 0.66 123.7   3    122    134    143 
   140  339.509   72.319   30.81     7.145     8.169 7602.0   1 6.080e-01      0.88 0.19  83.9   3    130    116    159 
   141  331.915  113.280   19.97    10.192     7.552 5397.5   1 3.200e-02      0.20 0.40 135.0   3    135    136     64 
   142  280.494   75.295   30.36    10.916     7.867 6929.4   2 5.376e-01      0.83 0.59 122.5   8    119     69    137    136     64    114    163    165 
   143   80.094   61.297   69.62     4.072     7.656 6732.1   1 1.280e-01      0.40 0.61  38.7   5    129    122    139    134    155 
   144  349.358  102.202  291.86    12.987     7.709 5097.5   2 2.432e-01      0.56 0.64 144.5   4    133    114    147    151 
   145  214.004  132.000   73.42     0.713     7.782 4291.6   2 7.040e-02      0.30 0.43  59.0   4    131    129    146    152 
   146    0.803  102.107  293.11     1.056     7.787 6687.8   2 1.920e-01      0.49 0.54 135.0   3    129    149    145 
   147  248.035  157.227  337.76    13.382     7.769 6293.7   1 1.152e-01      0.38 0.46 135.0   2    144    114 
   148  319.737  102.569  313.00     0.072     7.899 1853.7   2 1.216e-01      0.39 0.52 113.2   3    131    152    129 
   149  223.830   89.012  159.36     1.529     7.939 7548.2   1 3.584e-01      0.68 0.49 160.0   2    146    129 
   150   47.921   90.451   11.09    11.968     7.792 8594.8   2 9.600e-02      0.35 0.38   8.1   3    138    114    151 
   151  324.853   63.196   21.34    12.368     7.947 6078.5   1 3.072e-01      0.63 0.46 142.1   5    138    144    133    150    114 
   152  359.647  100.541  290.91     0.352     7.832 3079.4   2 6.400e-02      0.29 0.44  21.8   4    148    131    129    145 
   153  155.889  105.055  146.15     4.570     7.860 7568.3   1 5.120e-02      0.26 0.43  53.1   3    134    116    155 
   154  342.240  104.278  298.55    13.779    10.586 8508.0   2 2.220e+01      5.32 0.45 136.3  33    114    111    157    161    167    169    168    172    179    177    182    166    187    188    195    208    209    210    213    216    215    221    223    227    231    232    233    238    237    246    247    242    250 
   155  128.080   30.772  120.37     4.104     9.104 9909.4   2 3.002e+00      1.95 0.48  78.7  14    129    143    134    153    116    162    174    173    180    183    190    194    193    200 
   156  240.813   76.766   26.38     5.040     8.053 7112.3   2 9.600e-02      0.35 0.43 116.6   2    116    162 
   157  170.993   35.461  113.52    14.822     8.120 5318.0   2 1.408e-01      0.42 0.38 135.0   4    111    154    168    167 
   158  199.859  141.661  323.11     9.740     8.070 7833.1   1 5.120e-02      0.26 0.43  36.9   3    116     64    164 
   159  242.539   75.660   26.87     7.544     8.208 6748.6   2 6.400e-02      0.29 0.41  45.0   3    140    116    130 
   160  320.430  111.480  327.08    10.197     8.203 8921.3   1 8.320e-02      0.33 0.54 158.2   3     64    164    166 
   161  295.420  136.276  240.06    16.369     8.191 5228.8   2 8.320e-02      0.33 0.64 143.1   2    111    154 
   162  257.915  119.324   19.53     4.927     8.473 6619.4   1 1.408e-01      0.42 0.36  71.6   3    155    116    156 
   163  163.235   76.556  331.61    11.224     8.427 6154.2   2 2.304e-01      0.54 0.56 116.6   5    142    114    165    170    177 
   164  159.121  119.080  290.01     9.867     8.293 7393.4   2 3.840e-02      0.22 0.45  45.0   6    116    158    130    160     64    166 
   165  251.477  155.989   70.98    10.709     8.385 5555.8   1 1.344e-01      0.41 0.42 150.3   5    142    163     64    170    166 
   166  125.653   83.552  154.96    10.471     8.827 6799.7   2 3.840e-01      0.70 0.27  53.7  10    164    160    165     64    130    176    170    177    187    154 
   167   96.128  101.300  322.24    14.444     8.429 4652.6   2 7.040e-02      0.30 0.55 143.1   4    154    157    168    172 
   168  141.253  107.043  113.08    14.813     8.393 6142.5   2 7.680e-02      0.31 0.54 158.2   5    157    154    167    172    169 
   169  324.193   63.404  292.30    15.182     8.400 3692.8   1 5.760e-02      0.27 0.41  11.3   3    154    168    172 
   170  246.767  108.247  301.24    10.853     8.691 5768.3   1 1.920e-01      0.49 0.47 116.6   4    165    163    166    177 
   171   61.897  105.310   62.01     8.336     8.931 7620.4   2 2.304e-01      0.54 0.15  40.6   4    130    116    175    178 
   172  349.116  101.428  293.77    14.643     8.720 6167.7   2 2.944e-01      0.61 0.42 138.4   4    167    168    169    154 
   173    0.192  103.825  292.86     1.417     9.242 5659.3   2 2.515e+00      1.79 0.27 162.3  10    129    174    155    183    184    185    186    196    197    198 
   174   43.662   92.233   20.29     3.400     8.760 5539.5   1 3.840e-02      0.22 0.43 153.4   3    129    155    173 
   175  259.573  118.621   20.12     8.429     9.805 8228.3   1 1.158e+00      1.21 0.26  67.5   3    130    171    116 
   176  160.502  108.371  329.52    10.360     8.864 7416.6   1 6.400e-02      0.29 0.40  45.0   2    130    166 
   177  176.574   82.717  112.19    11.069     9.023 5956.5   1 2.112e-01      0.52 0.32 127.9   5    163    114    170    166    154 
   178  258.791  118.795  110.92     8.827     9.058 7757.7   1 5.760e-02      0.27 0.57  26.6   2    116    171 
   179  246.605  109.112   29.16    12.372     9.124 7615.5   1 1.280e-01      0.40 0.49  56.3   2    114    154 
   180  209.322  113.677  353.70     4.846     9.342 6406.5   2 1.664e-01      0.46 0.40 119.1   4    155    116    130    190 
   181  159.703  107.912  329.66     9.277     9.547 7689.5   1 3.008e-01      0.62 0.36 107.1   2    116    130 
   182  254.258  109.637  347.60    16.728    11.373 5797.9   2 5.222e+00      2.58 0.35 109.4   7    154    213    216    218    225    228    234 
   183  140.564  151.727  140.45     2.901     9.581 5396.7   2 2.432e-01      0.56 0.52 148.0   4    173    155    186    193 
   184  149.118  152.550  150.14     2.295     9.585 4824.9   2 1.024e-01      0.36 0.60 121.0   4    173    185    186    192 
   185  207.504  131.818  254.99     1.493     9.718 4575.1   2 5.568e-01      0.84 0.37 170.5   5    173    184    192    197    196 
   186  217.696  131.517  254.63     2.513     9.707 4027.6   2 7.680e-02      0.31 0.43  71.6   6    184    173    183    192    193    199 
   187  261.649  117.017   21.99    10.716    10.296 8590.3   1 8.576e-01      1.04 0.44  99.0   4    130    166    154    208 
   188    5.420  155.680  348.07    12.773     9.771 5468.4   2 9.600e-02      0.35 0.39  45.0   2    154    195 
   189  117.968   85.412  335.90     7.120     9.840 5949.5   2 3.200e-02      0.20 0.37 101.3   2    130    191 
   190   10.132  110.139   39.81     4.551    10.169 6902.7   2 2.240e-01      0.53 0.31 112.6   5    155    130    180    202    200 
   191   75.110   52.585   28.67     7.053     9.947 6225.3   1 3.840e-02      0.22 0.37  68.2   3    130    189    203 
   192  258.197  121.098   26.45     2.119     9.947 3895.7   1 1.728e-01      0.47 0.28  10.3   6    185    184    186    196    201    199 
   193  236.100   83.269  295.79     2.855     9.920 4382.8   2 1.216e-01      0.39 0.53  15.9   6    186    183    155    194    200    199 
   194  260.659  121.188   20.21     3.548    10.125 6034.8   1 2.368e-01      0.55 0.33  35.0   4    155    193    200    206 
   195  246.195  108.956  300.70    12.592     9.904 5189.8   1 3.200e-02      0.20 0.53 123.7   2    154    188 
   196   39.230  106.882  340.27     1.013    13.045 7818.2   2 1.238e+01      3.97 0.29  84.6  19    173    185    192    198    197    201    199    205    219    235    261    267    271    275    277    252    293    303    304 
   197  358.581  109.864  202.81     1.000     9.990 2894.3   2 1.024e-01      0.36 0.35  23.2   4    173    198    185    196 
   198  215.608  115.821  333.85     0.922    10.876 5835.6   2 6.784e-01      0.93 0.21  81.3   3    173    197    196 
   199  106.870   20.763  124.73     2.583    10.328 4370.0   2 2.688e-01      0.59 0.38 122.5   7    192    193    186    200    196    204    205 
   200  199.511  105.899  147.23     5.612    12.129 9481.1   2 6.534e+00      2.88 0.16  33.0  18    193    194    199    204    206    205    155    190    202    207    130    211    214    224    220    229    253    252 
   201  135.008   68.624  337.03     1.760    10.176 4107.8   2 6.400e-02      0.29 0.69  63.4   2    196    192 
   202  223.946   26.780   80.94     4.861    10.579 8899.5   2 3.456e-01      0.66 0.45  59.7   4    190    130    200    207 
   203   28.694   64.951    4.55     7.079    10.661 7638.0   2 1.728e-01      0.47 0.20  98.1   2    130    191 
   204   49.484  109.150   28.21     2.950    10.330 4231.5   1 5.120e-02      0.26 0.60  45.0   3    199    200    205 
   205    3.624  132.277  190.69     2.672    11.660 8277.9   2 1.440e+00      1.35 0.30  99.2   6    199    204    200    196    211    219 
   206  143.554   63.043  269.19     3.627    10.593 5740.5   1 7.680e-02      0.31 0.43  18.4   2    200    194 
   207  289.516   20.390  307.19     5.240    11.020 7434.3   2 7.680e-02      0.31 0.48  31.0   3    202    130    200 
   208  159.772  116.833  287.99    10.836    11.173 8200.5   2 3.648e-01      0.68 0.63  28.6   5    130    187    154    209    210 
   209  246.023  108.839  299.37    11.335    11.220 6920.2   1 1.024e-01      0.36 0.50  63.4   3    208    154    210 
   210  260.867  116.645   20.23    10.917    11.653 8093.1   1 4.544e-01      0.76 0.38  36.9   5    130    208    154    209    215 
   211  287.264  161.328   54.17     4.216    13.320 8141.8   2 7.264e+00      3.04 0.54  47.2   9    205    200    224    219    235    240    245    263    252 
   212   41.406  145.700  235.05     9.200    12.717 6869.6   1 5.248e-01      0.82 0.26  98.1   2    130    229 
   213  144.112  108.443  295.35    15.989    11.967 7895.8   2 1.408e-01      0.42 0.32 139.4   3    154    182    216 
   214   51.841  152.890  199.11     6.952    12.222 6261.8   2 1.984e-01      0.50 0.39  68.2   2    130    200 
   215  305.599  147.451   58.31    11.159    12.356 8827.6   2 6.080e-01      0.88 0.32  47.0   5    130    210    217    154    231 
   216   65.030   71.525  150.74    15.044    12.688 7485.4   1 1.178e+00      1.22 0.39  68.6   7    154    182    213    222    225    223    244 
   217  160.458  107.310  150.55    11.058    12.774 6688.9   1 4.800e-01      0.78 0.18  50.2   6    130    215    226    231    237    238 
   218  245.603  108.715  298.77    16.068    12.714 7434.4   1 3.712e-01      0.69 0.57  37.9   3    182    222    225 
   219  317.414  116.138  299.19     2.307    13.002 4939.4   2 2.688e-01      0.59 0.32  94.1   4    196    205    211    235 
   220   84.108   62.356   67.89     7.660    12.764 7476.2   1 1.280e-01      0.40 0.43  60.3   2    130    200 
   221  245.973  108.117  299.57    12.413    12.853 6603.1   1 7.680e-02      0.31 0.17  95.7   2    154    232 
   222  349.596  103.633  288.93    15.459    12.701 6575.9   2 1.344e-01      0.41 0.30 143.1   3    216    218    225 
   223  183.056   24.450  103.56    14.534    13.285 6662.0   2 5.632e-01      0.85 0.18  38.7   5    154    227    216    242    244 
   224   92.049   91.894   31.99     6.150    13.319 8301.9   2 1.203e+00      1.24 0.23  30.1   5    211    200    240    252    253 
   225  322.079   70.897   65.88    15.931    13.153 8961.7   2 7.424e-01      0.97 0.35 144.2   7    182    218    228    222    216    234    244 
   226   31.547   66.009    7.53    11.014    13.451 8855.4   2 1.043e+00      1.15 0.34  49.9   8    130    217    230    237    239    241    250    246 
   227   41.315  109.102   51.55    13.906    13.347 7200.6   2 5.632e-01      0.85 0.34  40.6   3    154    223    242 
   228  185.789   33.303  143.80    16.813    12.880 6414.9   1 3.840e-02      0.22 0.43 135.0   2    225    182 
   229  232.338   28.284   72.93     8.791    13.502 6715.0   2 7.552e-01      0.98 0.24  43.4   4    130    200    212    252 
   230   80.644   61.300   70.37    10.271    13.362 7569.6   1 2.176e-01      0.53 0.37 100.3   4    130    226    239    243 
   231    4.371  145.364  212.76    11.733    13.138 6357.5   1 5.760e-02      0.27 0.42  59.0   4    215    154    217    238 
   232  128.358   76.598  112.26    12.457    13.234 5957.9   2 4.480e-02      0.24 0.47 111.8   3    221    154    233 
   233  193.734  114.845  278.59    12.736    13.482 7514.0   2 2.944e-01      0.61 0.57  53.1   3    232    154    246 
   234   17.552   57.245  343.56    16.556    13.687 6369.6   2 9.728e-01      1.11 0.30 164.4   6    182    225    244    248    249    251 
   235   88.294   87.426   42.39     2.568    13.912 5583.2   2 4.224e-01      0.73 0.38 101.3   6    219    211    196    245    261    262 
   236  341.857   71.518   29.41     9.707    13.589 6509.4   1 9.600e-02      0.35 0.41  74.1   1    130 
   237  242.078   72.585   29.72    11.618    13.660 6735.4   2 2.048e-01      0.51 0.35  48.8   5    226    217    238    154    250 
   238  128.299   76.368  111.85    11.806    13.463 6588.9   2 4.480e-02      0.24 0.49  63.4   4    217    231    154    237 
   239  186.762   69.830  139.60    10.560    13.655 7740.9   2 8.320e-02      0.33 0.61  68.2   4    230    226    241    243 
   240   48.599  108.376   26.93     6.498    13.941 9061.9   1 7.488e-01      0.98 0.56  20.6   3    224    211    252 
   241  159.293  107.448  328.99    10.960    14.009 7721.7   1 2.368e-01      0.55 0.30  51.3   6    239    226    243    264    265    246 
   242  149.129  100.321  112.79    14.317    13.857 6604.5   2 3.904e-01      0.71 0.24   6.0   5    227    223    154    247    244 
   243  309.049  148.506   61.34    10.518    14.199 8000.5   2 4.992e-01      0.80 0.64  32.5   8    230    239    130    241    255    264    258    270 
   244  273.332  162.411  170.76    14.925    14.145 6420.9   1 5.056e-01      0.80 0.41 142.4   9    223    216    234    225    242    251    256    247    259 
   245   91.919   94.093   30.73     3.196    14.298 7867.1   2 4.672e-01      0.77 0.32  40.2   5    235    211    262    266    263 
   246   88.690  151.836  257.54    12.350    14.406 6080.2   2 1.427e+00      1.35 0.39   6.3  11    154    233    247    250    226    260    241    265    268    264    280 
   247   15.944   47.897  346.93    14.000    14.487 8163.0   2 1.094e+00      1.18 0.35  43.4   7    154    246    242    244    268    256    273 
   248  156.702   75.864  332.06    16.992    14.250 5918.0   2 4.608e-01      0.77 0.42  34.7   4    234    249    251    254 
   249  245.640  110.191  117.62    17.285    13.935 4487.9   1 1.024e-01      0.36 0.57  31.0   3    248    234    254 
   250   57.265  102.811  359.88    11.907    14.173 4674.3   2 7.680e-02      0.31 0.54  68.2   4    226    154    237    246 
   251  171.341   77.718  327.06    16.598    14.637 7610.6   2 1.184e+00      1.23 0.31  42.1   8    244    234    259    248    273    285    287    289 
   252    0.929  122.158  195.70     4.472    15.733 9347.9   2 1.292e+01      4.06 0.21 161.7  31    240    224    200    229    257    253    258    130    211    272    262    266    263    269    281    278    284    279    277    276    196    288    290    298    302    304    305    303    315    297    318 
   253  234.735   79.966   12.93     7.847    14.145 4995.1   2 7.040e-02      0.30 0.46  31.0   4    224    200    257    252 
   254  143.417  108.167  112.73    17.372    14.240 6029.4   2 8.320e-02      0.33 0.62  68.2   2    249    248 
   255  296.867   39.803  322.74    10.089    14.293 4614.7   2 5.760e-02      0.27 0.64  63.4   3    130    243    258 
   256  185.360   82.153  153.16    15.023    14.438 6436.1   2 2.688e-01      0.59 0.41 142.1   4    244    259    247    273 
   257  170.388  147.436  305.09     7.305    14.427 7942.8   1 3.072e-01      0.63 0.23 167.5   2    252    253 
   258   91.009   92.521   30.51     9.808    15.039 8034.6   2 2.067e+00      1.62 0.70  27.5  11    252    130    255    243    270    272    276    264    291    296    297 
   259   23.331  142.005   40.47    15.660    14.597 6368.8   1 4.416e-01      0.75 0.33   6.7   4    244    251    256    273 
   260  176.949   43.632  104.64    12.821    15.544 8490.6   2 2.925e+00      1.93 0.58 170.5  11    246    268    274    280    283    273    282    294    301    309    314 
   261  234.381   79.269   13.80     2.305    14.516 4731.4   2 7.040e-02      0.30 0.59  36.9   5    196    235    267    262    269 
   262  171.767  146.471  216.48     2.701    14.632 5761.0   1 1.344e-01      0.41 0.54  33.7   6    235    245    266    261    269    252 
   263   49.031  108.751   28.68     3.736    14.764 7457.7   1 5.440e-01      0.83 0.32  22.4   5    211    266    245    252    279 
   264  184.840   39.501  116.65    11.049    15.700 8550.0   2 1.965e+00      1.58 0.30  94.6  13    243    265    241    246    270    282    258    294    297    299    300    308    307 
   265   75.057   82.475   64.31    11.307    14.453 6037.0   1 3.840e-02      0.22 0.45  45.0   3    264    241    246 
   266   17.498   70.749   30.04     2.936    14.600 5927.2   2 6.400e-02      0.29 0.52  36.9   4    262    245    263    252 
   267  137.857  110.834  110.07     2.080    14.766 6247.5   2 1.664e-01      0.46 0.59  56.3   6    196    261    269    271    277    278 
   268  234.269   69.076   13.99    13.745    14.945 7386.8   2 3.712e-01      0.69 0.29  42.5   4    246    247    260    273 
   269  136.135  106.114  104.56     2.436    15.022 4744.0   2 2.560e-01      0.57 0.41 105.3   5    261    262    267    252    278 
   270   15.679   35.626  165.48    10.592    14.896 6767.0   2 6.400e-02      0.29 0.31  71.6   3    258    264    243 
   271  216.214  118.251  332.00     1.827    14.893 4235.6   2 3.840e-02      0.22 0.66 123.7   3    196    267    277 
   272  201.171  108.863  154.47     7.984    15.031 8070.2   2 3.840e-01      0.70 0.27 159.4   4    252    258    276    281 
   273  301.704  147.311   71.50    15.404    15.585 10529.3   2 3.827e+00      2.21 0.38 169.5  12    247    256    259    251    268    289    260    292    295    301    309    311 
   274   51.622   84.868    8.68    13.056    14.984 6589.6   2 6.400e-02      0.29 0.48  21.8   2    260    283 
   275  336.248   38.327   19.61     1.471    15.077 5305.2   2 8.320e-02      0.33 0.64  36.9   2    196    277 
   276  308.637  116.354  338.70     9.015    15.294 7188.0   1 4.736e-01      0.78 0.37  28.1   6    272    258    252    286    288    291 
   277  309.141  107.869   26.11     1.384    15.221 5509.1   2 3.136e-01      0.63 0.33 159.0   6    196    275    271    278    267    252 
   278  334.616   76.102  251.74     2.103    15.074 4953.4   2 4.480e-02      0.24 0.49 153.4   4    277    267    269    252 
   279  227.277   80.219   18.74     3.821    15.186 4438.0   2 1.088e-01      0.37 0.34 159.4   3    263    252    284 
   280   51.103   84.713    9.76    11.767    15.238 8240.3   2 1.472e-01      0.43 0.37 114.0   3    246    260    282 
   281  236.760   72.000  107.16     6.844    15.296 7918.3   2 2.304e-01      0.54 0.24 167.0   2    252    272 
   282  147.161  101.591  111.40    11.517    15.437 5464.8   2 1.536e-01      0.44 0.39  77.5   4    264    280    260    294 
   283  215.413  111.843   94.09    13.031    15.191 8062.4   2 5.760e-02      0.27 0.61 153.4   2    260    274 
   284  168.449  147.465  304.77     3.347    15.293 4742.3   1 3.840e-02      0.22 0.66 123.7   2    252    279 
   285   35.755   49.102   23.65    17.370    15.290 4815.1   1 5.120e-02      0.26 0.62 135.0   2    251    287 
   286  153.211  101.309  113.71     9.104    15.392 6449.3   2 3.200e-02      0.20 0.53 146.3   2    276    288 
   287  348.506    9.564  330.13    17.360    15.575 4405.1   2 8.320e-02      0.33 0.63 111.8   4    251    285    289    292 
   288  308.806  106.252   25.63     8.852    15.661 6678.4   2 2.176e-01      0.53 0.56 153.4   5    252    276    286    290    291 
   289   35.805   49.427   21.57    17.149    15.651 3623.4   1 7.040e-02      0.30 0.55  36.9   4    273    287    251    292 
   290   57.064  108.193   75.35     7.245    16.138 8994.9   2 1.485e+00      1.37 0.21 162.9   6    252    288    291    298    297    305 
   291   83.199   76.305   31.58     9.283    15.939 7723.8   2 3.520e-01      0.67 0.26 166.0   6    288    276    258    296    290    297 
   292    3.286  133.730  346.74    16.652    16.760 7860.9   2 2.624e+00      1.83 0.51 140.8   6    273    289    287    295    311    309 
   293   49.153  108.184   28.89     0.582    16.036 5071.1   1 7.040e-02      0.30 0.45 121.0   2    196    303 
   294   92.898   18.529  188.70    12.206    16.328 7058.1   1 3.712e-01      0.69 0.20  40.9   7    264    260    282    300    308    316    314 
   295  216.141   42.343   84.48    16.227    16.013 6099.5   2 1.216e-01      0.39 0.69  59.0   2    273    292 
   296  167.773  147.298  303.41     9.904    15.952 5468.4   1 3.200e-02      0.20 0.53 146.3   3    291    258    297 
   297  303.526  108.884   22.24     7.185    16.897 8944.9   2 5.203e+00      2.57 0.12 168.2  13    296    258    264    299    291    290    306    307    312    313    305    315    252 
   298  167.635  148.231  304.74     5.963    16.272 8286.1   1 3.072e-01      0.63 0.50 127.9   3    252    290    305 
   299   18.304   97.525  333.74    10.629    16.456 5982.8   1 2.368e-01      0.55 0.27  77.0   3    297    264    307 
   300  237.463   59.465  109.96    11.680    16.256 5815.5   2 1.600e-01      0.45 0.54  39.8   3    264    294    308 
   301   77.514   64.150  147.64    13.870    16.245 8911.2   1 3.392e-01      0.66 0.31   3.8   4    260    273    309    310 
   302  141.629  107.704   98.29     1.422    16.172 5778.6   2 8.320e-02      0.33 0.51  31.0   2    252    304 
   303  283.914  162.876   50.30     0.841    16.884 7183.3   2 9.472e-01      1.10 0.32  41.6   4    196    293    252    304 
   304  167.626  147.867  303.75     1.080    16.320 5102.2   1 7.680e-02      0.31 0.63  36.9   4    196    252    302    303 
   305  284.985  161.259   49.57     5.197    16.658 7506.7   2 7.680e-01      0.99 0.53 155.0   5    252    298    290    297    315 
   306  308.168  119.170  338.95     9.950    16.430 6018.5   1 1.728e-01      0.47 0.44 153.4   3    297    307    312 
   307   78.753   10.700  185.72    10.147    17.067 6731.6   2 1.178e+00      1.22 0.51   5.0   8    306    299    297    312    317    264    313    308 
   308  122.702  160.755  293.56    11.847    17.012 8840.4   2 1.389e+00      1.33 0.57 171.9   5    300    294    264    316    307 
   309   80.641   73.573   11.83    14.403    16.873 10441.5   2 2.387e+00      1.74 0.32   4.5   7    260    301    273    310    311    292    314 
   310  215.757   43.798   84.65    14.200    16.440 9755.4   2 3.840e-02      0.22 0.43  26.6   2    301    309 
   311  122.689   86.987  227.63    15.662    16.476 9328.2   2 1.152e-01      0.38 0.35  20.6   3    273    309    292 
   312   91.725   89.045   36.98     9.640    16.733 5369.3   1 7.680e-02      0.31 0.46 121.0   5    297    306    313    307    317 
   313  265.253   95.095  316.01     9.067    17.162 6831.6   2 3.072e-01      0.63 0.27 140.2   4    297    312    317    307 
   314   55.406  104.157   52.85    13.453    17.256 7197.6   2 4.352e-01      0.74 0.48  20.9   4    294    309    260    316 
   315  228.115   71.892  152.31     4.263    16.963 7552.9   1 1.536e-01      0.44 0.28 163.3   3    252    305    297 
   316  104.757  162.029  269.99    12.775    17.182 5265.9   2 2.240e-01      0.53 0.36  52.1   3    308    294    314 
   317  307.528  119.062  248.97     9.391    17.071 5410.7   1 8.320e-02      0.33 0.37 116.6   3    313    312    307 
   318  309.689  115.396  339.63     2.222    17.404 7642.4   1 5.760e-02      0.27 0.51  21.8   1    252 
